2.838660578386609	1.0882800608828518	0.5555555555556211	0.17503805175045528	0.17503805175045528	0.02283105022845433
2.84875697615424	1.0950109927279392	0.558921021478165	0.1767207847117273	0.1750380517504556	0.022831050228456846
2.899441907661089	1.128800947065839	0.5758159986471157	0.18516827329620306	0.17503805175045717	0.022831050228469464
2.950126839167938	1.162590901403739	0.5927109758160664	0.1936157618806788	0.17503805175045875	0.022831050228482083
3.0008117706747868	1.1963808557416389	0.6096059529850171	0.20206325046515455	0.1750380517504603	0.0228310502284947
3.0514967021816357	1.2301708100795388	0.6265009301539679	0.21051073904963033	0.1750380517504619	0.022831050228507323
3.1021816336884847	1.2639607644174387	0.6433959073229185	0.21895822763410605	0.1750380517504635	0.02283105022851994
3.1528665651953336	1.2977507187553383	0.6602908844918693	0.2274057162185818	0.17503805175046505	0.02283105022853256
3.2035514967021825	1.3315406730932384	0.6771858616608201	0.2358532048030576	0.17503805175046663	0.02283105022854518
3.254236428209032	1.365330627431138	0.6940808388297708	0.24430069338753335	0.17503805175046822	0.0228310502285578
3.3082952815829536	1.3999238964992937	0.714992389649998	0.2554794520548773	0.17792998477938893	0.025722983257483522
3.376719939117202	1.4379375951294324	0.753006088280137	0.278287671232962	0.19313546423144606	0.04092846270952008
3.44514459665145	1.4759512937595716	0.7910197869102759	0.30109589041104656	0.20834094368350317	0.05613394216155661
3.5135692541856978	1.5139649923897105	0.8290334855404148	0.3239041095891312	0.2235464231355603	0.07133942161359316
3.5819939117199464	1.5519786910198492	0.8670471841705536	0.3467123287672158	0.23875190258761742	0.08654490106562969
3.650418569254194	1.5899923896499881	0.9050608828006925	0.3695205479453004	0.25395738203967455	0.10175038051766623
3.718843226788443	1.6280060882801273	0.9430745814308314	0.3923287671233851	0.2691628614917317	0.11695585996970279
3.787267884322691	1.666019786910266	0.9810882800609705	0.4151369863014697	0.2843683409437888	0.13216133942173933
3.855692541856939	1.704033485540405	1.0191019786911093	0.43794520547955434	0.29957382039584596	0.14736681887377587
3.924117199391187	1.7420471841705438	1.0571156773212482	0.46075342465763897	0.3147792998479031	0.1625722983258124
3.9913956450160137	1.781598484142589	1.0910756996863606	0.479452054794628	0.327245053272563	0.17503805175045553
4.053458826452971	1.8281458702203077	1.1065914950456004	0.4794520547946294	0.32724505327256365	0.17503805175045697
4.115522007889928	1.8746932562980265	1.1221072904048404	0.4794520547946308	0.32724505327256437	0.17503805175045845
4.1775851893268845	1.921240642375745	1.13762308576408	0.4794520547946323	0.32724505327256515	0.1750380517504599
4.239648370763842	1.9677880284534637	1.1531388811233199	0.47945205479463376	0.3272450532725658	0.17503805175046133
4.3017115522008	2.0143354145311827	1.1686546764825598	0.4794520547946352	0.3272450532725666	0.17503805175046278
4.363774733637756	2.0608828006089013	1.1841704718417998	0.4794520547946367	0.3272450532725673	0.17503805175046422
4.425837915074713	2.10743018668662	1.1996862672010395	0.47945205479463815	0.32724505327256803	0.1750380517504657
4.487901096511671	2.153977572764339	1.2152020625602793	0.4794520547946396	0.32724505327256875	0.17503805175046713
4.549964277948628	2.200524958842058	1.2307178579195193	0.479452054794641	0.3272450532725695	0.17503805175046858
4.620015220700156	2.249543378995507	1.2545662100457582	0.4850837138509591	0.327245053272571	0.1778538812786291
4.703645357686458	2.3027625570776995	1.2925799086758964	0.5002891933030155	0.3272450532725738	0.18545662100466015
4.787275494672761	2.355981735159892	1.3305936073060345	0.5154946727550719	0.32724505327257664	0.1930593607306912
4.870905631659061	2.409200913242084	1.3686073059361723	0.5307001522071281	0.32724505327257947	0.20066210045672217
4.954535768645362	2.462420091324276	1.4066210045663103	0.5459056316591845	0.3272450532725823	0.20826484018275318
5.038165905631663	2.515639269406469	1.4446347031964486	0.5611111111112409	0.32724505327258513	0.2158675799087842
5.121796042617966	2.568858447488661	1.4826484018265866	0.5763165905632972	0.327245053272588	0.22347031963481523
5.205426179604267	2.6220776255708533	1.5206621004567247	0.5915220700153536	0.32724505327259085	0.23107305936084627
5.2890563165905675	2.6752968036530453	1.5586757990868625	0.6067275494674099	0.3272450532725937	0.23867579908687725
5.37268645357687	2.728515981735238	1.5966894977170007	0.6219330289194663	0.3272450532725965	0.24627853881290826
5.456931631099934	2.787717826856848	1.637778399030952	0.6400459727271277	0.33563196968299785	0.25114155251154185
5.542268505575752	2.857538905973427	1.6843257851086721	0.6633196657659888	0.358905662721859	0.25114155251154396
5.6276053800515715	2.927359985090007	1.7308731711863925	0.6865933588048502	0.3821793557607204	0.25114155251154613
5.712942254527389	2.997181064206586	1.7774205572641124	0.7098670518437113	0.40545304879958155	0.25114155251154835
5.798279129003208	3.0670021433231653	1.8239679433418332	0.7331407448825726	0.42872674183844284	0.2511415525115505
5.883616003479026	3.1368232224397445	1.8705153294195531	0.7564144379214338	0.452000434877304	0.2511415525115527
5.968952877954844	3.2066443015563237	1.9170627154972735	0.779688130960295	0.4752741279161652	0.25114155251155484
6.054289752430663	3.2764653806729034	1.9636101015749938	0.8029618239991563	0.4985478209550265	0.251141552511557
6.139626626906481	3.3462864597894826	2.0101574876527137	0.8262355170380175	0.5218215139938877	0.2511415525115592
6.2249635013823	3.4161075389060622	2.0567048737304345	0.8495092100768789	0.5450952070327489	0.25114155251156134
6.32076879458025	3.4844211657266544	2.1022472916108303	0.872280419017078	0.5637627958338731	0.2511415525115693
6.425120124153175	3.5515041633092497	2.1469692899992285	0.8946414182112785	0.5786701286300082	0.25114155251158177
6.529471453726101	3.6185871608918463	2.191691288387628	0.9170024174054795	0.5935774614261435	0.2511415525115943
6.633822783299026	3.6856701584744416	2.236413286776026	0.93936341659968	0.6084847942222786	0.25114155251160686
6.738174112871951	3.7527531560570377	2.281135285164425	0.9617244157938807	0.6233921270184138	0.25114155251161935
6.8425254424448765	3.8198361536396335	2.3258572835528235	0.9840854149880816	0.638299459814549	0.25114155251163184
6.946876772017802	3.886919151222229	2.3705792819412217	1.006446414182282	0.6532067926106842	0.2511415525116444
7.051228101590728	3.9540021488048254	2.4153012803296208	1.0288074133764828	0.6681141254068194	0.25114155251165693
7.155579431163653	4.021085146387421	2.4600232787180194	1.0511684125706835	0.6830214582029546	0.2511415525116694
7.259930760736579	4.088168143970017	2.504745277106418	1.0735294117648844	0.6979287909990898	0.25114155251168196
7.371892440385607	4.160324708270015	2.55707762557092	1.0958904109590848	0.7102993404365231	0.25367833587038624
7.498604769152729	4.2423150386487425	2.6241606231535157	1.1182514101532854	0.7177530068345914	0.2611320022684364
7.625317097919853	4.32430536902747	2.6912436207361115	1.140612409347486	0.7252066732326597	0.26858566866648664
7.752029426686974	4.406295699406197	2.7583266183187067	1.1629734085416867	0.7326603396307281	0.27603933506453676
7.878741755454096	4.488286029784923	2.825409615901303	1.1853344077358874	0.7401140060287963	0.283493001462587
8.005454084221219	4.570276360163652	2.892492613483898	1.207695406930088	0.7475676724268645	0.2909466678606371
8.13216641298834	4.652266690542378	2.9595756110664935	1.2300564061242885	0.7550213388249327	0.2984003342586873
8.258878741755463	4.734257020921106	3.0266586086490896	1.252417405318489	0.7624750052230009	0.3058540006567375
8.385591070522585	4.816247351299833	3.093741606231685	1.2747784045126898	0.7699286716210693	0.31330766705478763
8.512303399289708	4.898237681678561	3.160824603814281	1.2971394037068906	0.7773823380191376	0.3207613334528378
8.642313546423143	4.985388127853988	3.231050228310657	1.3215372907155785	0.7848554033487727	0.32724505327256354
8.79436834094369	5.107031963470428	3.322283105022987	1.3595509893457185	0.7924581430748043	0.32724505327256925
8.94642313546424	5.228675799086869	3.413515981735318	1.397564687975859	0.8000608828008362	0.3272450532725749
9.098477929984787	5.3503196347033075	3.5047488584476483	1.435578386605999	0.8076636225268679	0.3272450532725806
9.250532724505335	5.471963470319748	3.5959817351599788	1.4735920852361395	0.8152663622528996	0.32724505327258624
9.402587519025884	5.593607305936187	3.6872146118723093	1.5116057838662798	0.8228691019789314	0.3272450532725919
9.554642313546431	5.715251141552627	3.7784474885846393	1.54961948249642	0.830471841704963	0.3272450532725976
9.706697108066981	5.8368949771690675	3.8696803652969707	1.5876331811265603	0.8380745814309949	0.32724505327260334
9.858751902587528	5.958538812785507	3.9609132420093007	1.6256468797567003	0.8456773211570265	0.32724505327260894
10.010806697108077	6.080182648401947	4.052146118721632	1.663660578386841	0.8532800608830584	0.32724505327261466
10.166612307023277	6.204337899543501	4.14546640574055	1.7028158295283962	0.8616003479019793	0.32724505327262005
10.349892639704295	6.346889269406507	4.254076973255222	1.7503329528160638	0.8751766688413114	0.32724505327262315
10.533172972385312	6.489440639269514	4.362687540769894	1.797850076103732	0.8887529897806437	0.3272450532726264
10.716453305066333	6.631992009132524	4.471298108284568	1.845367199391401	0.9023293107199764	0.32724505327262954
10.89973363774735	6.774543378995531	4.57990867579924	1.8928843226790688	0.9159056316593086	0.3272450532726327
11.083013970428368	6.917094748858538	4.6885192433139125	1.940401445966737	0.9294819525986407	0.32724505327263587
11.266294303109383	7.059646118721545	4.797129810828585	1.9879185692544048	0.943058273537973	0.3272450532726391
11.449574635790402	7.202197488584552	4.905740378343256	2.0354356925420727	0.9566345944773053	0.3272450532726422
11.632854968471422	7.344748858447562	5.01435094585793	2.0829528158297417	0.9702109154166378	0.3272450532726454
11.816135301152439	7.487300228310569	5.122961513372601	2.1304699391174093	0.9837872363559701	0.3272450532726486
11.999415633833456	7.629851598173576	5.231572080887274	2.1779870624050774	0.9973635572953022	0.3272450532726517
12.182695966514473	7.772402968036584	5.340182648401946	2.2255041856927456	1.0109398782346344	0.3272450532726549
12.504252842689604	8.029277464410463	5.553317217297986	2.3517772405767894	1.0799235980543636	0.3340197570658947
12.839667830602583	8.297609454740828	5.776927209239954	2.4859432357419657	1.154460262035012	0.34147342346396303
13.175082818515552	8.565941445071187	6.000537201181919	2.62010923090714	1.2289969260156588	0.34892708986203136
13.510497806428521	8.834273435401546	6.2241471931238825	2.7542752260723136	1.3035335899963056	0.3563807562600996
13.845912794341492	9.102605425731907	6.447757185065846	2.8884412212374877	1.3780702539769525	0.3638344226581678
14.181327782254463	9.370937416062267	6.671367177007811	3.022607216402662	1.4526069179575996	0.371288089056236
14.51674277016744	9.639269406392632	6.894977168949779	3.1567732115678377	1.5271435819382475	0.37874175545430444
14.85215775808041	9.90760139672299	7.118587160891744	3.290939206733012	1.6016802459188944	0.38619542185237266
15.18757274599338	10.175933387053352	7.342197152833709	3.425105201898186	1.6762169098995414	0.39364908825044087
15.522987733906351	10.444265377383712	7.565807144775673	3.55927119706336	1.7507535738801883	0.40110275464850914
15.926104992986545	10.785507505894167	7.862327274897721	3.755931596382891	1.8773689079894664	0.43459575611087675
16.35841764407438	11.15819082579747	8.190288596412612	3.979541588324857	2.0264422359507734	0.4793177544992513
16.79073029516221	11.53087414570077	8.518249917927498	4.20315158026682	2.175515563912078	0.524039752887625
17.223042946250036	11.903557465604067	8.846211239442384	4.426761572208781	2.324588891873382	0.5687617512759989
17.655355597337863	12.276240785507364	9.17417256095727	4.650371564150743	2.4736622198346865	0.6134837496643726
18.087668248425693	12.648924105410662	9.502133882472156	4.873981556092705	2.622735547795991	0.6582057480527465
18.519980899513527	13.021607425313967	9.830095203987048	5.097591548034671	2.771808875757298	0.702927746441121
18.952293550601357	13.394290745217264	10.158056525501934	5.3212015399766335	2.920882203718602	0.7476497448294948
19.384606201689188	13.766974065120563	10.486017847016818	5.544811531918596	3.069955531679907	0.7923717432178685
19.816918852777015	14.13965738502386	10.813979168531706	5.768421523860558	3.219028859641211	0.8370937416062423
20.266596417281328	14.5231237560003	11.138859618311416	5.989930921437624	3.3595597705186	0.8671115794403363
20.734457323498404	14.917881395620956	11.460513991335652	6.209240721226861	3.4911456503921374	0.8817322327596017
21.202318229715473	15.312639035241604	11.782168364359885	6.428550521016094	3.6227315302656735	0.8963528860788668
21.670179135932543	15.707396674862254	12.103822737384114	6.647860320805327	3.754317410139209	0.9109735393981317
22.138040042149612	16.102154314482902	12.425477110408346	6.867170120594562	3.8859032900127444	0.925594192717397
22.60590094836668	16.496911954103552	12.747131483432579	7.086479920383795	4.0174891698862805	0.9402148460366622
23.073761854583758	16.891669593724213	13.068785856456815	7.305789720173031	4.149075049759818	0.9548354993559276
23.541622760800827	17.286427233344863	13.390440229481046	7.525099519962266	4.2806609296333535	0.9694561526751927
24.009483667017896	17.681184872965513	13.712094602505278	7.744409319751499	4.41224680950689	0.9840768059944578
24.477344573234962	18.075942512586163	14.033748975529509	7.963719119540733	4.543832689380425	0.9986974593137229
24.936028292595555	18.461993016384447	14.348912167606477	8.177544990598657	4.6703823081741875	1.01275852806857
25.28635061330467	18.745232339510963	14.587429492344596	8.32661831855997	4.737465305756774	1.0202121944666351
25.636672934013777	19.02847166263747	14.825946817082707	8.47569164652128	4.804548303339359	1.0276658608646998
25.98699525472288	19.311710985763984	15.064464141820821	8.624764974482588	4.871631300921944	1.0351195272627645
26.33731757543199	19.594950308890496	15.302981466558933	8.773838302443899	4.938714298504529	1.0425731936608293
26.6876398961411	19.878189632017005	15.541498791297046	8.92291163040521	5.005797296087115	1.0500268600588942
27.03796221685021	20.16142895514352	15.780016116035164	9.07198495836652	5.072880293669701	1.0574805264569591
27.388284537559315	20.44466827827003	16.018533440773275	9.22105828632783	5.139963291252286	1.0649341928550238
27.738606858268422	20.72790760139654	16.257050765511387	9.37013161428914	5.207046288834871	1.0723878592530887
28.088929178977533	21.01114692452305	16.4955680902495	9.51920494225045	5.274129286417456	1.0798415256511533
28.439251499686637	21.294386247649562	16.73408541498761	9.668278270211758	5.341212284000041	1.0872951920492182
28.77333300948866	21.57046860325771	16.969161889957284	9.800284983321562	5.406230771721565	1.0882800608825967
29.10494186987922	21.84546131675232	17.20371449852622	9.929693319083729	5.470934939602648	1.0882800608825973
29.436550730269776	22.120454030246936	17.438267107095157	10.059101654845897	5.535639107483732	1.0882800608825982
29.768159590660332	22.39544674374155	17.672819715664094	10.188509990608061	5.600343275364815	1.0882800608825989
30.09976845105089	22.670439457236164	17.90737232423303	10.31791832637023	5.665047443245898	1.0882800608825998
30.43137731144145	22.945432170730783	18.14192493280197	10.447326662132397	5.729751611126982	1.0882800608826004
30.762986171832004	23.220424884225398	18.376477541370907	10.576734997894565	5.794455779008066	1.088280060882601
31.094595032222564	23.495417597720014	18.611030149939843	10.706143333656732	5.859159946889149	1.088280060882602
31.42620389261312	23.77041031121463	18.845582758508776	10.835551669418898	5.9238641147702324	1.0882800608826027
31.749078302046353	24.031642144427426	19.065550481988602	10.959851175375842	5.982141045154418	1.088280060882603
32.06163537967193	24.276619313377207	19.268290208016005	11.078116015558495	6.032825976661266	1.088280060882603
32.3741924572975	24.521596482326984	19.471029934043408	11.196380855741147	6.0835109081681145	1.088280060882603
32.68674953492307	24.76657365127676	19.67376966007081	11.314645695923797	6.1341958396749625	1.088280060882603
32.99930661254864	25.01155082022654	19.876509386098213	11.432910536106448	6.18488077118181	1.088280060882603
33.31186369017421	25.256527989176316	20.079249112125613	11.551175376289098	6.235565702688657	1.088280060882603
33.62442076779978	25.5015051581261	20.28198883815302	11.669440216471752	6.286250634195506	1.088280060882603
33.93697784542535	25.746482327075874	20.48472856418042	11.787705056654403	6.336935565702353	1.088280060882603
34.24953492305092	25.99145949602565	20.687468290207825	11.905969896837055	6.3876204972092	1.088280060882603
34.512064643208895	26.20003282896106	20.862737636911497	12.004581132300292	6.432275345449865	1.0916301071415941
34.71331363595667	26.364013489718516	21.004357298474755	12.079117796280954	6.4695436774401935	1.0990837735396601
34.91456262870446	26.52799415047598	21.145976960038016	12.153654460261619	6.506812009430524	1.1065374399377264
35.11581162145224	26.691974811233433	21.287596621601274	12.228191124242278	6.544080341420852	1.1139911063357926
35.31706061420003	26.85595547199089	21.429216283164536	12.302727788222942	6.581348673411181	1.1214447727338586
35.51830960694781	27.019936132748345	21.57083594472779	12.377264452203601	6.618617005401511	1.1288984391319246
35.71955859969559	27.1839167935058	21.712455606291048	12.451801116184264	6.655885337391839	1.136352105529991
35.920807592443374	27.34789745426326	21.85407526785431	12.526337780164926	6.693153669382169	1.143805771928057
36.12205658519115	27.51187811502072	21.995694929417567	12.600874444145589	6.730422001372499	1.1512594383261232
36.32330557793894	27.675858775778178	22.137314590980825	12.67541110812625	6.767690333362828	1.1587131047241892
36.519902719872945	27.83619548673151	22.27075474819652	12.74793197008761	6.803950764343505	1.1643835616436393
36.70170736549534	27.98494474224074	22.378184766064297	12.814042750313932	6.837006154456665	1.164383561643639
36.88351201111773	28.133693997749972	22.48561478393208	12.880153530540259	6.870061544569827	1.164383561643639
37.06531665674012	28.282443253259203	22.59304480179986	12.946264310766587	6.903116934682989	1.164383561643639
37.247121302362515	28.43119250876844	22.70047481966764	13.012375090992915	6.93617232479615	1.164383561643639
37.42892594798492	28.579941764277677	22.807904837535425	13.078485871219243	6.969227714909312	1.164383561643639
37.61073059360731	28.72869101978691	22.915334855403202	13.144596651445568	7.002283105022473	1.164383561643639
37.79253523922971	28.877440275296145	23.022764873270987	13.210707431671896	7.035338495135635	1.164383561643639
37.9743398848521	29.026189530805375	23.130194891138764	13.27681821189822	7.068393885248796	1.164383561643639
38.15397787144363	29.17288666432503	23.23681360496415	13.342260859383753	7.100895679662442	1.164383561643639
38.26363277133826	29.25330025758109	23.317227198220216	13.386122819341606	7.115516332981725	1.164383561643639
38.37328767123288	29.33371385083715	23.397640791476274	13.429984779299456	7.130136986301008	1.164383561643639
38.48294257112751	29.414127444093207	23.47805438473234	13.47384673925731	7.144757639620291	1.164383561643639
38.59259747102213	29.494541037349265	23.5584679779884	13.51770869921516	7.159378292939575	1.164383561643639
38.70225237091676	29.574954630605326	23.63888157124446	13.561570659173011	7.173998946258857	1.164383561643639
38.81190727081139	29.655368223861384	23.719295164500522	13.605432619130864	7.188619599578141	1.164383561643639
38.92156217070601	29.73578181711744	23.79970875775658	13.649294579088714	7.203240252897423	1.164383561643639
39.03121707060063	29.816195410373503	23.88012235101264	13.693156539046567	7.217860906216706	1.164383561643639
39.14087197049526	29.89660900362956	23.960535944268702	13.737018499004419	7.232481559535989	1.164383561643639
39.25052687038988	29.977022596885618	24.040949537524764	13.78088045896227	7.247102212855272	1.164383561643639
39.33463470319635	30.04529680365298	24.09980213089791	13.811697108066591	7.262085235920487	1.1690943683407513
39.4030593607306	30.106118721461197	24.145418569254073	13.834505327244674	7.277290715372541	1.176697108066785
39.471484018264846	30.16694063926942	24.19103500761024	13.857313546422757	7.292496194824595	1.184299847792819
39.53990867579909	30.227762557077632	24.236651445966405	13.880121765600837	7.3077016742766485	1.1919025875188527
39.608333333333334	30.288584474885855	24.28226788432257	13.902929984778922	7.322907153728703	1.1995053272448866
39.676757990867586	30.34940639269408	24.327884322678734	13.925738203957003	7.338112633180758	1.2071080669709207
39.74518264840183	30.410228310502294	24.373500761034904	13.948546423135086	7.353318112632811	1.2147108066969543
39.813607305936074	30.47105022831051	24.419117199391067	13.97135464231317	7.368523592084866	1.2223135464229884
39.882031963470325	30.53187214611873	24.464733637747234	13.994162861491251	7.383729071536921	1.2299162861490223
39.95045662100457	30.592694063926952	24.5103500761034	14.016971080669334	7.398934550988974	1.2375190258750561
39.98746829020802	30.631887366818884	24.53845763571781	14.036174530694703	7.4048706240483355	1.2456367326228979
40.004363267376974	30.65722983257231	24.555352612886757	14.053069507863654	7.4048706240483355	1.2540842212073648
40.02125824454592	30.68257229832573	24.57224759005571	14.069964485032603	7.4048706240483355	1.262531709791832
40.03815322171487	30.707914764079156	24.58914256722466	14.086859462201556	7.4048706240483355	1.270979198376299
40.055048198883824	30.73325722983258	24.606037544393608	14.103754439370505	7.4048706240483355	1.279426686960766
40.07194317605277	30.758599695586007	24.62293252156256	14.120649416539457	7.4048706240483355	1.2878741755452334
40.08883815322172	30.783942161339432	24.63982749873151	14.137544393708406	7.4048706240483355	1.2963216641297004
40.10573313039067	30.809284627092858	24.65672247590046	14.154439370877357	7.4048706240483355	1.3047691527141676
40.12262810755962	30.83462709284628	24.67361745306941	14.171334348046308	7.4048706240483355	1.3132166412986344
40.12937595129377	30.8447488584475	24.680365296803554	14.178082191780454	7.4048706240483355	1.316590563165704
