0.0,-0.7854
0.01,-0.78526
0.02,-0.7849
0.03,-0.78436
0.04,-0.78366
0.05,-0.78283
0.06,-0.78186
0.07,-0.78077
0.08,-0.77957
0.09,-0.77826
0.1,-0.77685
0.11,-0.77534
0.12,-0.77375
0.13,-0.77206
0.14,-0.77029
0.15,-0.76844
0.16,-0.76652
0.17,-0.76452
0.18,-0.76246
0.19,-0.76032
0.2,-0.75812
0.21,-0.75587
0.22,-0.75355
0.23,-0.75117
0.24,-0.74874
0.25,-0.74625
0.26,-0.74372
0.27,-0.74113
0.28,-0.7385
0.29,-0.73582
0.3,-0.7331
0.31,-0.73034
0.32,-0.72753
0.33,-0.72469
0.34,-0.72181
0.35,-0.71889
0.36,-0.71594
0.37,-0.71295
0.38,-0.70993
0.39,-0.70688
0.4,-0.7038
0.41,-0.70069
0.42,-0.69755
0.43,-0.69439
0.44,-0.6912
0.45,-0.68799
0.46,-0.68475
0.47,-0.68149
0.48,-0.67821
0.49,-0.6749
0.5,-0.67158
0.51,-0.66824
0.52,-0.66488
0.53,-0.6615
0.54,-0.65811
0.55,-0.6547
0.56,-0.65128
0.57,-0.64784
0.58,-0.64439
0.59,-0.64093
0.6,-0.63745
0.61,-0.63396
0.62,-0.63046
0.63,-0.62696
0.64,-0.62344
0.65,-0.61991
0.66,-0.61638
0.67,-0.61284
0.68,-0.60929
0.69,-0.60574
0.7,-0.60218
0.71,-0.59861
0.72,-0.59504
0.73,-0.59146
0.74,-0.58789
0.75,-0.58431
0.76,-0.58072
0.77,-0.57714
0.78,-0.57355
0.79,-0.56996
0.8,-0.56637
0.81,-0.56278
0.82,-0.55919
0.83,-0.5556
0.84,-0.55201
0.85,-0.54842
0.86,-0.54483
0.87,-0.54125
0.88,-0.53767
0.89,-0.53409
0.9,-0.53051
0.91,-0.52694
0.92,-0.52337
0.93,-0.5198
0.94,-0.51624
0.95,-0.51269
0.96,-0.50914
0.97,-0.50559
0.98,-0.50205
0.99,-0.49852
1.0,-0.49499
1.01,-0.49147
1.02,-0.48796
1.03,-0.48445
1.04,-0.48096
1.05,-0.47746
1.06,-0.47398
1.07,-0.4705
1.08,-0.46704
1.09,-0.46358
1.1,-0.46013
1.11,-0.45669
1.12,-0.45326
1.13,-0.44984
1.14,-0.44642
1.15,-0.44302
1.16,-0.43963
1.17,-0.43625
1.18,-0.43287
1.19,-0.42951
1.2,-0.42616
1.21,-0.42282
1.22,-0.4195
1.23,-0.41618
1.24,-0.41287
1.25,-0.40958
1.26,-0.4063
1.27,-0.40303
1.28,-0.39977
1.29,-0.39653
1.3,-0.39329
1.31,-0.39007
1.32,-0.38686
1.33,-0.38367
1.34,-0.38048
1.35,-0.37731
1.36,-0.37416
1.37,-0.37101
1.38,-0.36788
1.39,-0.36477
1.4,-0.36166
1.41,-0.35858
1.42,-0.3555
1.43,-0.35244
1.44,-0.34939
1.45,-0.34635
1.46,-0.34333
1.47,-0.34033
1.48,-0.33734
1.49,-0.33436
1.5,-0.3314
1.51,-0.32845
1.52,-0.32551
1.53,-0.32259
1.54,-0.31969
1.55,-0.3168
1.56,-0.31392
1.57,-0.31106
1.58,-0.30821
1.59,-0.30538
1.6,-0.30257
1.61,-0.29976
1.62,-0.29698
1.63,-0.29421
1.64,-0.29145
1.65,-0.28871
1.66,-0.28598
1.67,-0.28327
1.68,-0.28057
1.69,-0.27789
1.7,-0.27523
1.71,-0.27258
1.72,-0.26994
1.73,-0.26732
1.74,-0.26472
1.75,-0.26213
1.76,-0.25956
1.77,-0.257
1.78,-0.25446
1.79,-0.25193
1.8,-0.24942
1.81,-0.24692
1.82,-0.24444
1.83,-0.24197
1.84,-0.23952
1.85,-0.23709
1.86,-0.23467
1.87,-0.23226
1.88,-0.22987
1.89,-0.2275
1.9,-0.22514
1.91,-0.2228
1.92,-0.22047
1.93,-0.21816
1.94,-0.21586
1.95,-0.21358
1.96,-0.21131
1.97,-0.20906
1.98,-0.20683
1.99,-0.20461
2.0,-0.2024
2.01,-0.20021
2.02,-0.19803
2.03,-0.19587
2.04,-0.19373
2.05,-0.1916
2.06,-0.18948
2.07,-0.18738
2.08,-0.1853
2.09,-0.18323
2.1,-0.18117
2.11,-0.17913
2.12,-0.17711
2.13,-0.1751
2.14,-0.1731
2.15,-0.17112
2.16,-0.16915
2.17,-0.1672
2.18,-0.16526
2.19,-0.16334
2.2,-0.16143
2.21,-0.15954
2.22,-0.15766
2.23,-0.15579
2.24,-0.15394
2.25,-0.15211
2.26,-0.15028
2.27,-0.14847
2.28,-0.14668
2.29,-0.1449
2.3,-0.14314
2.31,-0.14138
2.32,-0.13965
2.33,-0.13792
2.34,-0.13621
2.35,-0.13452
2.36,-0.13283
2.37,-0.13117
2.38,-0.12951
2.39,-0.12787
2.4,-0.12624
2.41,-0.12463
2.42,-0.12303
2.43,-0.12144
2.44,-0.11986
2.45,-0.1183
2.46,-0.11676
2.47,-0.11522
2.48,-0.1137
2.49,-0.11219
2.5,-0.1107
2.51,-0.10921
2.52,-0.10774
2.53,-0.10629
2.54,-0.10484
2.55,-0.10341
2.56,-0.10199
2.57,-0.10059
2.58,-0.099193
2.59,-0.097812
2.6,-0.096443
2.61,-0.095086
2.62,-0.093742
2.63,-0.09241
2.64,-0.09109
2.65,-0.089782
2.66,-0.088486
2.67,-0.087202
2.68,-0.08593
2.69,-0.08467
2.7,-0.083422
2.71,-0.082185
2.72,-0.08096
2.73,-0.079747
2.74,-0.078545
2.75,-0.077354
2.76,-0.076175
2.77,-0.075007
2.78,-0.07385
2.79,-0.072705
2.8,-0.071571
2.81,-0.070447
2.82,-0.069335
2.83,-0.068234
2.84,-0.067143
2.85,-0.066064
2.86,-0.064995
2.87,-0.063937
2.88,-0.062889
2.89,-0.061852
2.9,-0.060825
2.91,-0.059809
2.92,-0.058803
2.93,-0.057808
2.94,-0.056823
2.95,-0.055848
2.96,-0.054882
2.97,-0.053927
2.98,-0.052982
2.99,-0.052047
3.0,-0.051122
3.01,-0.050206
3.02,-0.0493
3.03,-0.048404
3.04,-0.047518
3.05,-0.046641
3.06,-0.045773
3.07,-0.044915
3.08,-0.044066
3.09,-0.043226
3.1,-0.042395
3.11,-0.041574
3.12,-0.040762
3.13,-0.039958
3.14,-0.039164
3.15,-0.038379
3.16,-0.037602
3.17,-0.036834
3.18,-0.036075
3.19,-0.035324
3.2,-0.034582
3.21,-0.033849
3.22,-0.033124
3.23,-0.032407
3.24,-0.031699
3.25,-0.030999
3.26,-0.030307
3.27,-0.029623
3.28,-0.028947
3.29,-0.028279
3.3,-0.02762
3.31,-0.026968
3.32,-0.026324
3.33,-0.025688
3.34,-0.025059
3.35,-0.024438
3.36,-0.023825
3.37,-0.023219
3.38,-0.022621
3.39,-0.02203
3.4,-0.021446
3.41,-0.02087
3.42,-0.020301
3.43,-0.019739
3.44,-0.019185
3.45,-0.018637
3.46,-0.018096
3.47,-0.017563
3.48,-0.017036
3.49,-0.016516
3.5,-0.016003
3.51,-0.015496
3.52,-0.014996
3.53,-0.014503
3.54,-0.014016
3.55,-0.013536
3.56,-0.013063
3.57,-0.012595
3.58,-0.012134
3.59,-0.01168
3.6,-0.011231
3.61,-0.010789
3.62,-0.010353
3.63,-0.0099224
3.64,-0.0094983
3.65,-0.0090801
3.66,-0.0086678
3.67,-0.0082614
3.68,-0.0078608
3.69,-0.0074659
3.7,-0.0070767
3.71,-0.0066932
3.72,-0.0063152
3.73,-0.0059428
3.74,-0.0055758
3.75,-0.0052143
3.76,-0.0048582
3.77,-0.0045075
3.78,-0.004162
3.79,-0.0038217
3.8,-0.0034867
3.81,-0.0031567
3.82,-0.0028319
3.83,-0.0025121
3.84,-0.0021973
3.85,-0.0018875
3.86,-0.0015826
3.87,-0.0012825
3.88,-0.00098717
3.89,-0.00069663
3.9,-0.00041081
3.91,-0.00012965
3.92,0.00014689
3.93,0.00041886
3.94,0.0006863
3.95,0.00094926
3.96,0.0012078
3.97,0.0014619
3.98,0.0017117
3.99,0.0019572
4.0,0.0021984
4.01,0.0024354
4.02,0.0026682
4.03,0.0028969
4.04,0.0031216
4.05,0.0033421
4.06,0.0035587
4.07,0.0037713
4.08,0.00398
4.09,0.0041848
4.1,0.0043858
4.11,0.004583
4.12,0.0047764
4.13,0.0049662
4.14,0.0051522
4.15,0.0053346
4.16,0.0055135
4.17,0.0056887
4.18,0.0058605
4.19,0.0060288
4.2,0.0061936
4.21,0.0063551
4.22,0.0065131
4.23,0.0066679
4.24,0.0068194
4.25,0.0069676
4.26,0.0071126
4.27,0.0072544
4.28,0.0073931
4.29,0.0075287
4.3,0.0076613
4.31,0.0077908
4.32,0.0079173
4.33,0.0080408
4.34,0.0081614
4.35,0.0082792
4.36,0.008394
4.37,0.0085061
4.38,0.0086153
4.39,0.0087218
4.4,0.0088256
4.41,0.0089267
4.42,0.0090252
4.43,0.009121
4.44,0.0092142
4.45,0.0093049
4.46,0.009393
4.47,0.0094786
4.48,0.0095618
4.49,0.0096426
4.5,0.0097209
4.51,0.0097969
4.52,0.0098705
4.53,0.0099418
4.54,0.010011
4.55,0.010078
4.56,0.010142
4.57,0.010205
4.58,0.010265
4.59,0.010323
4.6,0.010379
4.61,0.010433
4.62,0.010485
4.63,0.010534
4.64,0.010582
4.65,0.010628
4.66,0.010672
4.67,0.010714
4.68,0.010754
4.69,0.010792
4.7,0.010829
4.71,0.010863
4.72,0.010896
4.73,0.010927
4.74,0.010957
4.75,0.010984
4.76,0.01101
4.77,0.011034
4.78,0.011057
4.79,0.011078
4.8,0.011097
4.81,0.011115
4.82,0.011132
4.83,0.011146
4.84,0.01116
4.85,0.011172
4.86,0.011182
4.87,0.011191
4.88,0.011199
4.89,0.011205
4.9,0.01121
4.91,0.011213
4.92,0.011215
4.93,0.011216
4.94,0.011216
4.95,0.011214
4.96,0.011211
4.97,0.011207
4.98,0.011202
4.99,0.011195
5.0,0.011188
5.01,0.011179
5.02,0.011169
5.03,0.011158
5.04,0.011146
5.05,0.011133
5.06,0.011119
5.07,0.011103
5.08,0.011087
5.09,0.01107
5.1,0.011052
5.11,0.011033
5.12,0.011013
5.13,0.010992
5.14,0.01097
5.15,0.010947
5.16,0.010924
5.17,0.010899
5.18,0.010874
5.19,0.010848
5.2,0.010821
5.21,0.010794
5.22,0.010765
5.23,0.010736
5.24,0.010706
5.25,0.010676
5.26,0.010644
5.27,0.010612
5.28,0.010579
5.29,0.010546
5.3,0.010512
5.31,0.010477
5.32,0.010442
5.33,0.010406
5.34,0.01037
5.35,0.010333
5.36,0.010295
5.37,0.010257
5.38,0.010218
5.39,0.010179
5.4,0.010139
5.41,0.010099
5.42,0.010058
5.43,0.010017
5.44,0.0099754
5.45,0.0099333
5.46,0.0098907
5.47,0.0098477
5.48,0.0098043
5.49,0.0097605
5.5,0.0097163
5.51,0.0096717
5.52,0.0096268
5.53,0.0095814
5.54,0.0095358
5.55,0.0094897
5.56,0.0094434
5.57,0.0093967
5.58,0.0093498
5.59,0.0093025
5.6,0.009255
5.61,0.0092071
5.62,0.009159
5.63,0.0091107
5.64,0.0090621
5.65,0.0090132
5.66,0.0089641
5.67,0.0089149
5.68,0.0088653
5.69,0.0088156
5.7,0.0087657
5.71,0.0087156
5.72,0.0086653
5.73,0.0086149
5.74,0.0085643
5.75,0.0085135
5.76,0.0084626
5.77,0.0084116
5.78,0.0083604
5.79,0.0083091
5.8,0.0082577
5.81,0.0082062
5.82,0.0081546
5.83,0.0081029
5.84,0.0080511
5.85,0.0079993
5.86,0.0079473
5.87,0.0078953
5.88,0.0078433
5.89,0.0077912
5.9,0.007739
5.91,0.0076868
5.92,0.0076346
5.93,0.0075824
5.94,0.0075301
5.95,0.0074778
5.96,0.0074256
5.97,0.0073733
5.98,0.007321
5.99,0.0072687
6.0,0.0072165
6.01,0.0071643
6.02,0.0071121
6.03,0.0070599
6.04,0.0070078
6.05,0.0069557
6.06,0.0069036
6.07,0.0068517
6.08,0.0067997
6.09,0.0067479
6.1,0.0066961
6.11,0.0066443
6.12,0.0065927
6.13,0.0065411
6.14,0.0064896
6.15,0.0064382
6.16,0.0063869
6.17,0.0063357
6.18,0.0062846
6.19,0.0062336
6.2,0.0061827
6.21,0.006132
6.22,0.0060813
6.23,0.0060308
6.24,0.0059804
6.25,0.0059301
6.26,0.00588
6.27,0.00583
6.28,0.0057801
6.29,0.0057304
6.3,0.0056808
6.31,0.0056313
6.32,0.005582
6.33,0.0055329
6.34,0.0054839
6.35,0.0054351
6.36,0.0053865
6.37,0.005338
6.38,0.0052897
6.39,0.0052415
6.4,0.0051936
6.41,0.0051458
6.42,0.0050982
6.43,0.0050507
6.44,0.0050035
6.45,0.0049564
6.46,0.0049096
6.47,0.0048629
6.48,0.0048164
6.49,0.0047701
6.5,0.004724
6.51,0.0046781
6.52,0.0046324
6.53,0.0045869
6.54,0.0045416
6.55,0.0044965
6.56,0.0044516
6.57,0.004407
6.58,0.0043625
6.59,0.0043183
6.6,0.0042742
6.61,0.0042304
6.62,0.0041868
6.63,0.0041434
6.64,0.0041003
6.65,0.0040573
6.66,0.0040146
6.67,0.0039721
6.68,0.0039298
6.69,0.0038878
6.7,0.0038459
6.71,0.0038044
6.72,0.003763
6.73,0.0037219
6.74,0.0036809
6.75,0.0036403
6.76,0.0035998
6.77,0.0035596
6.78,0.0035196
6.79,0.0034799
6.8,0.0034404
6.81,0.0034011
6.82,0.0033621
6.83,0.0033233
6.84,0.0032847
6.85,0.0032464
6.86,0.0032083
6.87,0.0031705
6.88,0.0031329
6.89,0.0030955
6.9,0.0030584
6.91,0.0030215
6.92,0.0029849
6.93,0.0029484
6.94,0.0029123
6.95,0.0028764
6.96,0.0028407
6.97,0.0028052
6.98,0.00277
6.99,0.0027351
7.0,0.0027004
7.01,0.0026659
7.02,0.0026317
7.03,0.0025977
7.04,0.0025639
7.05,0.0025304
7.06,0.0024971
7.07,0.0024641
7.08,0.0024313
7.09,0.0023988
7.1,0.0023665
7.11,0.0023344
7.12,0.0023026
7.13,0.002271
7.14,0.0022397
7.15,0.0022086
7.16,0.0021777
7.17,0.0021471
7.18,0.0021167
7.19,0.0020865
7.2,0.0020566
7.21,0.002027
7.22,0.0019975
7.23,0.0019683
7.24,0.0019393
7.25,0.0019106
7.26,0.0018821
7.27,0.0018538
7.28,0.0018258
7.29,0.001798
7.3,0.0017705
7.31,0.0017431
7.32,0.001716
7.33,0.0016891
7.34,0.0016625
7.35,0.0016361
7.36,0.0016099
7.37,0.0015839
7.38,0.0015582
7.39,0.0015327
7.4,0.0015074
7.41,0.0014824
7.42,0.0014575
7.43,0.0014329
7.44,0.0014086
7.45,0.0013844
7.46,0.0013604
7.47,0.0013367
7.48,0.0013132
7.49,0.0012899
7.5,0.0012669
7.51,0.001244
7.52,0.0012214
7.53,0.001199
7.54,0.0011768
7.55,0.0011548
7.56,0.001133
7.57,0.0011114
7.58,0.0010901
7.59,0.0010689
7.6,0.001048
7.61,0.0010272
7.62,0.0010067
7.63,0.00098637
7.64,0.00096626
7.65,0.00094634
7.66,0.00092663
7.67,0.00090712
7.68,0.00088781
7.69,0.0008687
7.7,0.00084979
7.71,0.00083108
7.72,0.00081256
7.73,0.00079424
7.74,0.00077611
7.75,0.00075818
7.76,0.00074043
7.77,0.00072288
7.78,0.00070553
7.79,0.00068835
7.8,0.00067137
7.81,0.00065458
7.82,0.00063797
7.83,0.00062154
7.84,0.0006053
7.85,0.00058925
7.86,0.00057337
7.87,0.00055768
7.88,0.00054216
7.89,0.00052682
7.9,0.00051166
7.91,0.00049668
7.92,0.00048187
7.93,0.00046724
7.94,0.00045278
7.95,0.00043849
7.96,0.00042437
7.97,0.00041042
7.98,0.00039664
7.99,0.00038303
8.0,0.00036958
8.01,0.0003563
8.02,0.00034319
8.03,0.00033023
8.04,0.00031744
8.05,0.00030481
8.06,0.00029234
8.07,0.00028003
8.08,0.00026787
8.09,0.00025588
8.1,0.00024403
8.11,0.00023234
8.12,0.00022081
8.13,0.00020942
8.14,0.00019819
8.15,0.00018711
8.16,0.00017617
8.17,0.00016539
8.18,0.00015475
8.19,0.00014425
8.2,0.0001339
8.21,0.00012369
8.22,0.00011363
8.23,0.0001037
8.24,9.392e-5
8.25,8.4274e-5
8.26,7.4766e-5
8.27,6.5395e-5
8.28,5.6159e-5
8.29,4.7057e-5
8.3,3.8089e-5
8.31,2.9254e-5
8.32,2.0549e-5
8.33,1.1975e-5
8.34,3.5296e-6
8.35,-4.7876e-6
8.36,-1.2978e-5
8.37,-2.1042e-5
8.38,-2.8982e-5
8.39,-3.6798e-5
8.4,-4.4491e-5
8.41,-5.2062e-5
8.42,-5.9513e-5
8.43,-6.6844e-5
8.44,-7.4057e-5
8.45,-8.1152e-5
8.46,-8.8131e-5
8.47,-9.4994e-5
8.48,-0.00010174
8.49,-0.00010838
8.5,-0.0001149
8.51,-0.00012131
8.52,-0.00012762
8.53,-0.00013381
8.54,-0.00013989
8.55,-0.00014587
8.56,-0.00015174
8.57,-0.0001575
8.58,-0.00016316
8.59,-0.00016872
8.6,-0.00017418
8.61,-0.00017953
8.62,-0.00018478
8.63,-0.00018994
8.64,-0.00019499
8.65,-0.00019995
8.66,-0.00020481
8.67,-0.00020957
8.68,-0.00021425
8.69,-0.00021882
8.7,-0.00022331
8.71,-0.0002277
8.72,-0.000232
8.73,-0.00023621
8.74,-0.00024033
8.75,-0.00024437
8.76,-0.00024832
8.77,-0.00025218
8.78,-0.00025595
8.79,-0.00025964
8.8,-0.00026325
8.81,-0.00026677
8.82,-0.00027022
8.83,-0.00027358
8.84,-0.00027686
8.85,-0.00028006
8.86,-0.00028318
8.87,-0.00028623
8.88,-0.0002892
8.89,-0.00029209
8.9,-0.00029491
8.91,-0.00029765
8.92,-0.00030033
8.93,-0.00030292
8.94,-0.00030545
8.95,-0.00030791
8.96,-0.00031029
8.97,-0.00031261
8.98,-0.00031486
8.99,-0.00031704
9.0,-0.00031915
9.01,-0.0003212
9.02,-0.00032318
9.03,-0.0003251
9.04,-0.00032696
9.05,-0.00032875
9.06,-0.00033048
9.07,-0.00033215
9.08,-0.00033375
9.09,-0.0003353
9.1,-0.00033679
9.11,-0.00033822
9.12,-0.00033959
9.13,-0.00034091
9.14,-0.00034217
9.15,-0.00034337
9.16,-0.00034452
9.17,-0.00034561
9.18,-0.00034665
9.19,-0.00034764
9.2,-0.00034858
9.21,-0.00034946
9.22,-0.0003503
9.23,-0.00035108
9.24,-0.00035182
9.25,-0.00035251
9.26,-0.00035315
9.27,-0.00035374
9.28,-0.00035428
9.29,-0.00035478
9.3,-0.00035524
9.31,-0.00035565
9.32,-0.00035601
9.33,-0.00035633
9.34,-0.00035661
9.35,-0.00035685
9.36,-0.00035704
9.37,-0.0003572
9.38,-0.00035731
9.39,-0.00035739
9.4,-0.00035742
9.41,-0.00035742
9.42,-0.00035737
9.43,-0.0003573
9.44,-0.00035718
9.45,-0.00035703
9.46,-0.00035684
9.47,-0.00035662
9.48,-0.00035636
9.49,-0.00035607
9.5,-0.00035574
9.51,-0.00035539
9.52,-0.000355
9.53,-0.00035457
9.54,-0.00035412
9.55,-0.00035363
9.56,-0.00035312
9.57,-0.00035258
9.58,-0.000352
9.59,-0.0003514
9.6,-0.00035077
9.61,-0.00035011
9.62,-0.00034942
9.63,-0.00034871
9.64,-0.00034797
9.65,-0.00034721
9.66,-0.00034642
9.67,-0.0003456
9.68,-0.00034476
9.69,-0.0003439
9.7,-0.00034301
9.71,-0.0003421
9.72,-0.00034117
9.73,-0.00034021
9.74,-0.00033923
9.75,-0.00033824
9.76,-0.00033722
9.77,-0.00033618
9.78,-0.00033512
9.79,-0.00033404
9.8,-0.00033294
9.81,-0.00033182
9.82,-0.00033069
9.83,-0.00032953
9.84,-0.00032836
9.85,-0.00032717
9.86,-0.00032597
9.87,-0.00032474
9.88,-0.00032351
9.89,-0.00032225
9.9,-0.00032098
9.91,-0.0003197
9.92,-0.0003184
9.93,-0.00031709
9.94,-0.00031576
9.95,-0.00031442
9.96,-0.00031307
9.97,-0.0003117
9.98,-0.00031032
9.99,-0.00030893
10.0,-0.00030752
