-150.0	3.440126261691453e14
-149.9	3.4402312533430244e14
-149.8	3.440314617973938e14
-149.7	3.440368229781442e14
-149.6	3.4404505455839256e14
-149.5	3.440498339490645e14
-149.4	3.440588189464771e14
-149.3	3.440671099220911e14
-149.2	3.440724398057061e14
-149.1	3.440807295923927e14
-149.0	3.4408579262316194e14
-148.9	3.4409577898127675e14
-148.8	3.4410402026788475e14
-148.7	3.441093985805054e14
-148.6	3.4411755076374444e14
-148.5	3.441224576414026e14
-148.4	3.441313748560126e14
-148.3	3.4413968330754844e14
-148.2	3.441451310784358e14
-148.1	3.4415362207865225e14
-148.0	3.4415857122105525e14
-147.9	3.441679707457286e14
-147.8	3.441762618163374e14
-147.7	3.4418170333294844e14
-147.6	3.441901550548525e14
-147.5	3.441952769270481e14
-147.4	3.4420435600461956e14
-147.3	3.442125582914135e14
-147.2	3.4421769528849844e14
-147.1	3.4422609766921744e14
-147.0	3.442313680086946e14
-146.9	3.442408367300224e14
-146.8	3.4424943477616325e14
-146.7	3.442546780096908e14
-146.6	3.442629310891771e14
-146.5	3.442680096468969e14
-146.4	3.442771147664419e14
-146.3	3.442855863883475e14
-146.2	3.442910704332654e14
-146.1	3.442994492548914e14
-146.0	3.443047850195094e14
-145.9	3.443147020799791e14
-145.8	3.44323184145645e14
-145.7	3.4432862539690906e14
-145.6	3.443373063511481e14
-145.5	3.4434232845348256e14
-145.4	3.4435145874250925e14
-145.3	3.443601427036646e14
-145.2	3.443656865298691e14
-145.1	3.443741000903911e14
-145.0	3.443791933971355e14
-144.9	3.4438919272009256e14
-144.8	3.4439768247090925e14
-144.7	3.444029841703304e14
-144.6	3.444114927233046e14
-144.5	3.444166788787904e14
-144.4	3.4442566343222175e14
-144.3	3.4443420255366475e14
-144.2	3.444396739638396e14
-144.1	3.444483158864663e14
-144.0	3.4445356425987325e14
-143.9	3.444639394598235e14
-143.8	3.444728337871271e14
-143.7	3.44478420241517e14
-143.6	3.444872959514871e14
-143.5	3.4449259054392606e14
-143.4	3.44501704874343e14
-143.3	3.445104558716202e14
-143.2	3.445159664468007e14
-143.1	3.445249640291865e14
-143.0	3.4453019747913856e14
-142.9	3.445409281878491e14
-142.8	3.445498372550676e14
-142.7	3.44555472153016e14
-142.6	3.44564562074639e14
-142.5	3.445699766442864e14
-142.4	3.445794901732234e14
-142.3	3.445884491504609e14
-142.2	3.4459428665479125e14
-142.1	3.4460324318640925e14
-142.0	3.446087835266446e14
-141.9	3.4461983592437825e14
-141.8	3.4462927900329475e14
-141.7	3.446349005931617e14
-141.6	3.446443814812453e14
-141.5	3.446497492878271e14
-141.4	3.4465962750404925e14
-141.3	3.446685460031676e14
-141.2	3.446742518579355e14
-141.1	3.446834747995235e14
-141.0	3.4468904193448425e14
-140.9	3.4470006913347594e14
-140.8	3.447092535333527e14
-140.7	3.4471492688053294e14
-140.6	3.447240297424684e14
-140.5	3.4472956457274406e14
-140.4	3.447396035219523e14
-140.3	3.4474863776192425e14
-140.2	3.447544790555602e14
-140.1	3.447637907757364e14
-140.0	3.447692360669565e14
-139.9	3.447806715842374e14
-139.8	3.447901451939251e14
-139.7	3.447958989958881e14
-139.6	3.44805202420691e14
-139.5	3.4481078616943375e14
-139.4	3.448206663539648e14
-139.3	3.448298307572344e14
-139.2	3.448358131643945e14
-139.1	3.448451682824874e14
-139.0	3.4485091676356525e14
-138.9	3.4486248544995644e14
-138.8	3.44872160567232e14
-138.7	3.4487793322232444e14
-138.6	3.448872499352443e14
-138.5	3.448926708508349e14
-138.4	3.449027197999229e14
-138.3	3.449121828188641e14
-138.2	3.44918103283899e14
-138.1	3.4492751034854194e14
-138.0	3.449332615388929e14
-137.9	3.4494527557187225e14
-137.8	3.4495484634814394e14
-137.7	3.4496078645280375e14
-137.6	3.44970425123282e14
-137.5	3.449758450402981e14
-137.4	3.449861004798286e14
-137.3	3.449952079625441e14
-137.2	3.4500101462266656e14
-137.1	3.4501041389016e14
-137.0	3.450161390258454e14
-136.9	3.450277361195914e14
-136.8	3.450372732012577e14
-136.7	3.4504322580285475e14
-136.6	3.450527188872492e14
-136.5	3.45058106276626e14
-136.4	3.450684583959596e14
-136.3	3.450780810335606e14
-136.2	3.450841513180555e14
-136.1	3.4509378330942325e14
-136.0	3.450995327484323e14
-135.9	3.4511148768088575e14
-135.8	3.4512123122539275e14
-135.7	3.4512713538990494e14
-135.6	3.451368065759851e14
-135.5	3.4514244515053806e14
-135.4	3.451528085957314e14
-135.3	3.451626652436928e14
-135.2	3.45168653553389e14
-135.1	3.4517825832206725e14
-135.0	3.451842393180339e14
-134.9	3.451964596359471e14
-134.8	3.4520606329837275e14
-134.7	3.452121912383323e14
-134.6	3.4522168470814775e14
-134.5	3.452272767917205e14
-134.4	3.45237602509833e14
-134.3	3.45247276094479e14
-134.2	3.4525333411856294e14
-134.1	3.45263056629283e14
-134.0	3.4526880399314675e14
-133.9	3.4528107432061225e14
-133.8	3.4529065110339025e14
-133.7	3.4529658605762e14
-133.6	3.453060002276936e14
-133.5	3.453118062569246e14
-133.4	3.453220231830026e14
-133.3	3.453314788796624e14
-133.2	3.4533752253862775e14
-133.1	3.453473575688204e14
-133.0	3.453530877548256e14
-132.9	3.4536468841417556e14
-132.8	3.453743350832335e14
-132.7	3.453802532994443e14
-132.6	3.45389853933733e14
-132.5	3.453954585688371e14
-132.4	3.454056282200519e14
-132.3	3.454153693966094e14
-132.2	3.454216329126485e14
-132.1	3.454313727245246e14
-132.0	3.4543734295325925e14
-131.9	3.4544891826359125e14
-131.8	3.454588168476394e14
-131.7	3.454649404144454e14
-131.6	3.454747917527709e14
-131.5	3.4548053853012825e14
-131.4	3.454910472944301e14
-131.3	3.455007387668501e14
-131.2	3.4550675889359856e14
-131.1	3.455163279476396e14
-131.0	3.455222024097439e14
-130.9	3.4553374178229225e14
-130.8	3.455435796339936e14
-130.7	3.4554962386904706e14
-130.6	3.455592216575791e14
-130.5	3.4556490639294325e14
-130.4	3.455754925064242e14
-130.3	3.455851892956861e14
-130.2	3.4559128759036506e14
-130.1	3.456010853049299e14
-130.0	3.456071302635783e14
-129.9	3.456186225410385e14
-129.8	3.45628362128881e14
-129.7	3.456344913613544e14
-129.6	3.4564405299737525e14
-129.5	3.456498187776781e14
-129.4	3.4566000186489056e14
-129.3	3.456695039280254e14
-129.2	3.456755303533935e14
-129.1	3.456853014326023e14
-129.0	3.4569133171741575e14
-128.9	3.4570299281932e14
-128.8	3.457127163836403e14
-128.7	3.457189109477124e14
-128.6	3.4572864963283025e14
-128.5	3.457345439751801e14
-128.4	3.457450722235064e14
-128.3	3.457546636943665e14
-128.2	3.4576078216398125e14
-128.1	3.457706478239591e14
-128.0	3.4577657271105025e14
-127.9	3.457882320401685e14
-127.8	3.45798143237347e14
-127.7	3.458044788967815e14
-127.6	3.4581422939488275e14
-127.5	3.4582022745123844e14
-127.4	3.4583074844772675e14
-127.3	3.458407014766805e14
-127.2	3.4584671764865344e14
-127.1	3.45856610144595e14
-127.0	3.458625106385194e14
-126.9	3.4587380184217125e14
-126.8	3.4588390612662656e14
-126.7	3.4588999845324775e14
-126.6	3.4589997307267625e14
-126.5	3.459057665306604e14
-126.4	3.45916386697817e14
-126.3	3.459262891384616e14
-126.2	3.459326428678376e14
-126.1	3.4594266110908e14
-126.0	3.4594867340508144e14
-125.9	3.459605243920243e14
-125.8	3.459703993998499e14
-125.7	3.459768114033104e14
-125.6	3.459868788229567e14
-125.5	3.4599280329954225e14
-125.4	3.460034060297504e14
-125.3	3.4601356513032425e14
-125.2	3.460198709460621e14
-125.1	3.4603003267030706e14
-125.0	3.460360369222382e14
-124.9	3.460477623934106e14
-124.8	3.460581013333505e14
-124.7	3.46064353316057e14
-124.6	3.460744134897903e14
-124.5	3.460804433710847e14
-124.4	3.460913105814106e14
-124.3	3.461016117294615e14
-124.2	3.461079441642318e14
-124.1	3.461183924948439e14
-124.0	3.4612455231236694e14
-123.9	3.461364847034087e14
-123.8	3.4614654557366644e14
-123.7	3.4615284527605575e14
-123.6	3.461630215258126e14
-123.5	3.4616900386280606e14
-123.4	3.4617973300774456e14
-123.3	3.46189714359775e14
-123.2	3.46196255322937e14
-123.1	3.4620630839021456e14
-123.0	3.462123813942032e14
-122.9	3.4622456293389006e14
-122.8	3.462347148512802e14
-122.7	3.4624118598609206e14
-122.6	3.4625094277343875e14
-122.5	3.4625682890351644e14
-122.4	3.462674773749052e14
-122.3	3.462777587052471e14
-122.2	3.4628422042286844e14
-122.1	3.462947745177391e14
-122.0	3.463010178798275e14
-121.9	3.463134236531206e14
-121.8	3.46323770046624e14
-121.7	3.4633004740010825e14
-121.6	3.4634027981488106e14
-121.5	3.463465134979699e14
-121.4	3.463575076495055e14
-121.3	3.4636784101310025e14
-121.2	3.463743874291696e14
-121.1	3.463848360794155e14
-121.0	3.4639112190622956e14
-120.9	3.4640368395223075e14
-120.8	3.4641411672762575e14
-120.7	3.464208817351464e14
-120.6	3.464311851846047e14
-120.5	3.4643714509362575e14
-120.4	3.46448155402705e14
-120.3	3.4645870931993244e14
-120.2	3.46465239615849e14
-120.1	3.464757723944316e14
-120.0	3.464823656080744e14
-119.9	3.464949665901899e14
-119.8	3.465056896177378e14
-119.7	3.465122683366465e14
-119.6	3.4652296156764556e14
-119.5	3.465290910712459e14
-119.4	3.465403785573124e14
-119.3	3.4655046942557756e14
-119.2	3.465569439211421e14
-119.1	3.4656762495073806e14
-119.0	3.4657410332090575e14
-118.9	3.465870414843484e14
-118.8	3.4659791041711494e14
-118.7	3.4660461550512656e14
-118.6	3.466152178719245e14
-118.5	3.466215564524183e14
-118.4	3.46632694556197e14
-118.3	3.4664343585308375e14
-118.2	3.466500215338619e14
-118.1	3.466606101058259e14
-118.0	3.466671812407318e14
-117.9	3.466803881521806e14
-117.8	3.46691126955255e14
-117.7	3.46697883388104e14
-117.6	3.467088093341516e14
-117.5	3.4671508476982156e14
-117.4	3.467267727978025e14
-117.3	3.467373880151821e14
-117.2	3.467443129219809e14
-117.1	3.4675558518869356e14
-117.0	3.467618726759036e14
-116.9	3.46775257961055e14
-116.8	3.467859587689386e14
-116.7	3.4679278485263075e14
-116.6	3.468035011218509e14
-116.5	3.4680983447274806e14
-116.4	3.468215388354448e14
-116.3	3.468325239465514e14
-116.2	3.468392576436999e14
-116.1	3.4685008183930425e14
-116.0	3.468565732594822e14
-115.9	3.4687082179604275e14
-115.8	3.468819483524256e14
-115.7	3.468886349231979e14
-115.6	3.4689967760491506e14
-115.5	3.4690596461983525e14
-115.4	3.469176845261923e14
-115.3	3.469284576892694e14
-115.2	3.4693509553204025e14
-115.1	3.469459388350331e14
-115.0	3.469524959329497e14
-114.9	3.4696656863819975e14
-114.8	3.469776226036505e14
-114.7	3.469844156624311e14
-114.6	3.469953892670757e14
-114.5	3.4700169792629675e14
-114.4	3.470133056888964e14
-114.3	3.470245038323878e14
-114.2	3.4703133901278244e14
-114.1	3.470427845919151e14
-114.0	3.470493614339371e14
-113.9	3.4706346044552644e14
-113.8	3.47074796207325e14
-113.7	3.470817361588956e14
-113.6	3.4709271027521356e14
-113.5	3.4709931653756094e14
-113.4	3.471107168575578e14
-113.3	3.471216100971429e14
-113.2	3.471285281669356e14
-113.1	3.4713996968385394e14
-113.0	3.471468779707965e14
-112.9	3.4716139341744894e14
-112.8	3.4717260274913225e14
-112.7	3.47179552273568e14
-112.6	3.471907948253404e14
-112.5	3.4719732999581325e14
-112.4	3.472093432579575e14
-112.3	3.472204866157734e14
-112.2	3.472276040145903e14
-112.1	3.4723905168528306e14
-112.0	3.4724591748020206e14
-111.9	3.472610942888116e14
-111.8	3.472725287347595e14
-111.7	3.4727969857471744e14
-111.6	3.472908403063768e14
-111.5	3.4729744141306906e14
-111.4	3.4730986956984444e14
-111.3	3.473213283638831e14
-111.2	3.473283076964199e14
-111.1	3.473397603512545e14
-111.0	3.473467430920583e14
-110.9	3.4736353662523294e14
-110.8	3.473752182801915e14
-110.7	3.473824249653873e14
-110.6	3.4739403582079075e14
-110.5	3.474007871715794e14
-110.4	3.4741321051108725e14
-110.3	3.474247250699023e14
-110.2	3.474321857646563e14
-110.1	3.4744406819819356e14
-110.0	3.4745116632888094e14
-109.9	3.47468024196449e14
-109.8	3.4747972437540806e14
-109.7	3.474871999785471e14
-109.6	3.4749899791116375e14
-109.5	3.4750556581687806e14
-109.4	3.475183412015405e14
-109.3	3.4753013480870175e14
-109.2	3.475373492435416e14
-109.1	3.47549298637869e14
-109.0	3.47556442168006e14
-108.9	3.4757228284139794e14
-108.8	3.4758430903819144e14
-108.7	3.4759193395361525e14
-108.6	3.4760385889863175e14
-108.5	3.4761067034303775e14
-108.4	3.4762332895355844e14
-108.3	3.476351937743214e14
-108.2	3.47642755910283e14
-108.1	3.4765480479239575e14
-108.0	3.476619732125606e14
-107.9	3.476779719780285e14
-107.8	3.47690101130883e14
-107.7	3.476974974494873e14
-107.6	3.47709465685026e14
-107.5	3.477163431160106e14
-107.4	3.4772925702890725e14
-107.3	3.477414467700055e14
-107.2	3.477491045377888e14
-107.1	3.477614012499559e14
-107.0	3.4776862245554944e14
-106.9	3.477846582877786e14
-106.8	3.4779708319604106e14
-106.7	3.47804682109631e14
-106.6	3.4781695982511844e14
-106.5	3.4782387814904244e14
-106.4	3.478370642886522e14
-106.3	3.478492270760728e14
-106.2	3.478571787609419e14
-106.1	3.4786934232866425e14
-106.0	3.478767260776869e14
-105.9	3.4789320689042856e14
-105.8	3.479056949291027e14
-105.7	3.479132847375775e14
-105.6	3.4792585469681975e14
-105.5	3.479330312985214e14
-105.4	3.479464310672302e14
-105.3	3.4795864801159156e14
-105.2	3.479664103168604e14
-105.1	3.4797860218350956e14
-105.0	3.479858895996641e14
-104.9	3.480018911289929e14
-104.8	3.480143167493378e14
-104.7	3.480222223611648e14
-104.6	3.48034886638842e14
-104.5	3.480424629093965e14
-104.4	3.480556797671624e14
-104.3	3.4806779751502275e14
-104.2	3.480755094244924e14
-104.1	3.480883806324061e14
-104.0	3.480960770516157e14
-103.9	3.4811303602663675e14
-103.8	3.481258001707306e14
-103.7	3.481337438451995e14
-103.6	3.4814631796459625e14
-103.5	3.4815370209409844e14
-103.4	3.4816735567049975e14
-103.3	3.4818033302236475e14
-103.2	3.481881711121334e14
-103.1	3.482014394495774e14
-103.0	3.482094509917309e14
-102.9	3.482268811708205e14
-102.8	3.4823998491363294e14
-102.7	3.482479452233956e14
-102.6	3.482607921103089e14
-102.5	3.482682435582469e14
-102.4	3.482823990159894e14
-102.3	3.4829568356380925e14
-102.2	3.483040239970797e14
-102.1	3.483173861361075e14
-102.0	3.4832548679572025e14
-101.9	3.483457367906426e14
-101.8	3.483590532916775e14
-101.7	3.483675589962096e14
-101.6	3.483810109349185e14
-101.5	3.4838890653605606e14
-101.4	3.484038299435522e14
-101.3	3.4841719332273956e14
-101.2	3.484256965574936e14
-101.1	3.484395961558115e14
-101.0	3.4844778228762725e14
-100.9	3.484698834377805e14
-100.8	3.484839899370974e14
-100.7	3.4849277991603156e14
-100.6	3.485067431205685e14
-100.5	3.485147494083845e14
-100.4	3.485301986383245e14
-100.3	3.4854452110678344e14
-100.2	3.485538339175144e14
-100.1	3.4856903205206194e14
-100.0	3.4857810748884075e14
-99.9	3.486072151082644e14
-99.8	3.486222013431774e14
-99.7	3.486315716611957e14
-99.6	3.486460202801985e14
-99.5	3.486543869000634e14
-99.4	3.4867006835671956e14
-99.3	3.4868446031049356e14
-99.2	3.486937700743246e14
-99.1	3.487082210897835e14
-99.0	3.48716878804322e14
-98.9	3.487425624003031e14
-98.8	3.487568021393423e14
-98.7	3.48765764259904e14
-98.6	3.487798094810548e14
-98.5	3.48787859117756e14
-98.4	3.488033068151371e14
-98.3	3.4881723526653025e14
-98.2	3.488259981023225e14
-98.1	3.4884022126355825e14
-98.0	3.488486905680005e14
-97.9	3.488720612459795e14
-97.8	3.4888675838991806e14
-97.7	3.4889543053153075e14
-97.6	3.489097746384814e14
-97.5	3.489178370660461e14
-97.4	3.489330639791399e14
-97.3	3.489468782822311e14
-97.2	3.48955897326104e14
-97.1	3.489701335006089e14
-97.0	3.489786693789195e14
-96.9	3.489999687195875e14
-96.8	3.490143986591731e14
-96.7	3.49023554336564e14
-96.6	3.4903738024238056e14
-96.5	3.490453839636059e14
-96.4	3.490604903208351e14
-96.3	3.4907464354066425e14
-96.2	3.4908353730961944e14
-96.1	3.490978283224169e14
-96.0	3.491061645567551e14
-95.9	3.491279687507668e14
-95.8	3.49142268271715e14
-95.7	3.491513461739238e14
-95.6	3.4916542017703825e14
-95.5	3.4917359037883225e14
-95.4	3.4918876082000656e14
-95.3	3.492029013497431e14
-95.2	3.492119870766432e14
-95.1	3.492263837356087e14
-95.0	3.492349010614236e14
-94.9	3.492571136142986e14
-94.8	3.49271519746258e14
-94.7	3.49280356406386e14
-94.6	3.492946079646007e14
-94.5	3.493027267294898e14
-94.4	3.493184898411709e14
-94.3	3.4933264349274525e14
-94.2	3.4934177090967325e14
-94.1	3.493563720777129e14
-94.0	3.493650290052912e14
-93.9	3.4938787807523106e14
-93.8	3.494025948852086e14
-93.7	3.4941185906496656e14
-93.6	3.494265910772975e14
-93.5	3.494348791732304e14
-93.4	3.49450313459551e14
-93.3	3.494646914548741e14
-93.2	3.4947376123938456e14
-93.1	3.494884463845544e14
-93.0	3.494972540923659e14
-92.9	3.49519463808476e14
-92.8	3.49534245878263e14
-92.7	3.4954335133565775e14
-92.6	3.495574819853446e14
-92.5	3.4956568074948756e14
-92.4	3.495811403698911e14
-92.3	3.495952642189935e14
-92.2	3.4960452254975506e14
-92.1	3.496193043012871e14
-92.0	3.4962789089472975e14
-91.9	3.496499901625714e14
-91.8	3.49664432737735e14
-91.7	3.4967354445540444e14
-91.6	3.496878809206565e14
-91.5	3.496963070015124e14
-91.4	3.497120836808005e14
-91.3	3.4972641262792e14
-91.2	3.49735160631347e14
-91.1	3.49749885622181e14
-91.0	3.497584842846368e14
-90.9	3.4978007613563044e14
-90.8	3.497946228456555e14
-90.7	3.4980414807383556e14
-90.6	3.4981892065269e14
-90.5	3.49827005509099e14
-90.4	3.498422601680631e14
-90.3	3.4985688682825256e14
-90.2	3.4986615302968725e14
-90.1	3.498809690214704e14
-90.0	3.4988990277656575e14
-89.9	3.499124753486627e14
-89.8	3.4992756463697406e14
-89.7	3.499369146584359e14
-89.6	3.499516041696329e14
-89.5	3.4996014070659094e14
-89.4	3.499756215009951e14
-89.3	3.499902076339024e14
-89.2	3.499993884718806e14
-89.1	3.500144256284069e14
-89.0	3.500233808604921e14
-88.9	3.5004463293705525e14
-88.8	3.500597648209296e14
-88.7	3.5006890743133094e14
-88.6	3.500840223259798e14
-88.5	3.500924686865635e14
-88.4	3.5010858181107125e14
-88.3	3.501233005032206e14
-88.2	3.501328444961235e14
-88.1	3.501480386446359e14
-88.0	3.501571603237289e14
-87.9	3.501789428343517e14
-87.8	3.501948673159901e14
-87.7	3.5020467644360994e14
-87.6	3.5022001884461744e14
-87.5	3.502288279043714e14
-87.4	3.5024507319698e14
-87.3	3.502603479058185e14
-87.2	3.502699102919935e14
-87.1	3.5028523460816725e14
-87.0	3.5029385816305575e14
-86.9	3.503148544389591e14
-86.8	3.503302544687929e14
-86.7	3.5033974509632194e14
-86.6	3.503555955603869e14
-86.5	3.503641883271612e14
-86.4	3.50381064870261e14
-86.3	3.503963045938933e14
-86.2	3.504059819715279e14
-86.1	3.504216469986782e14
-86.0	3.5043101288467775e14
-85.9	3.504531150721034e14
-85.8	3.5046889823822275e14
-85.7	3.504784147412066e14
-85.6	3.5049392493384e14
-85.5	3.505027700548199e14
-85.4	3.505196817049697e14
-85.3	3.5053509752435894e14
-85.2	3.5054476091644075e14
-85.1	3.50560391962227e14
-85.0	3.505697979391614e14
-84.9	3.505920878622076e14
-84.8	3.50608399084808e14
-84.7	3.5061836008071106e14
-84.6	3.506340923345381e14
-84.5	3.506432873254867e14
-84.4	3.50660352770617e14
-84.3	3.506762860860741e14
-84.2	3.506861746293687e14
-84.1	3.507025376125137e14
-84.0	3.507118323596684e14
-83.9	3.507357259475659e14
-83.8	3.507522344401749e14
-83.7	3.507624779166143e14
-83.6	3.5077880795179675e14
-83.5	3.507876793941711e14
-83.4	3.5080519415709344e14
-83.3	3.508213699965091e14
-83.2	3.508315436998125e14
-83.1	3.50848217302965e14
-83.0	3.508578707045617e14
-82.9	3.508820331108793e14
-82.8	3.5089819161210294e14
-82.7	3.5090867986198125e14
-82.6	3.509248952535461e14
-82.5	3.509342091684315e14
-82.4	3.50951894273266e14
-82.3	3.5096809190742106e14
-82.2	3.509786399887091e14
-82.1	3.509952613652496e14
-82.0	3.510051854202869e14
-81.9	3.5103012614777425e14
-81.8	3.510473578725244e14
-81.7	3.510579734331456e14
-81.6	3.5107510306670306e14
-81.5	3.510845471366244e14
-81.4	3.5110286327638875e14
-81.3	3.511193871124106e14
-81.2	3.511298373805974e14
-81.1	3.5114728842523325e14
-81.0	3.511572753687795e14
-80.9	3.51182491415822e14
-80.8	3.5119988611676094e14
-80.7	3.512108902096057e14
-80.6	3.51228056968752e14
-80.5	3.512379638281979e14
-80.4	3.512567043028744e14
-80.3	3.512737625100657e14
-80.2	3.512847331462801e14
-80.1	3.513020954614456e14
-80.0	3.5131260508043144e14
-79.9	3.513412615596134e14
-79.8	3.513593873876014e14
-79.7	3.5137056955891094e14
-79.6	3.513882483370543e14
-79.5	3.513979596313415e14
-79.4	3.514169960649501e14
-79.3	3.514342766943224e14
-79.2	3.514453997935741e14
-79.1	3.5146301485406575e14
-79.0	3.5147341119653675e14
-78.9	3.514990116841532e14
-78.8	3.5151672725418e14
-78.7	3.51527282928102e14
-78.6	3.515445705282501e14
-78.5	3.515542675318849e14
-78.4	3.515729008703809e14
-78.3	3.515904258134764e14
-78.2	3.516016221219458e14
-78.1	3.516199063748163e14
-78.0	3.5163019722328775e14
-77.9	3.516574996677144e14
-77.8	3.516756299657582e14
-77.7	3.5168685935706475e14
-77.6	3.5170466999587975e14
-77.5	3.517148197379073e14
-77.4	3.517339194774104e14
-77.3	3.517513392822636e14
-77.2	3.517625609797023e14
-77.1	3.517807910972414e14
-77.0	3.51791156166602e14
-76.9	3.518171111791694e14
-76.8	3.5183546942445775e14
-76.7	3.5184641468826475e14
-76.6	3.5186425989225075e14
-76.5	3.5187441206507106e14
-76.4	3.518939258309068e14
-76.3	3.51911774209082e14
-76.2	3.5192304183319044e14
-76.1	3.5194148843567725e14
-76.0	3.519525665661016e14
-75.9	3.51980505158885e14
-75.8	3.519998089577543e14
-75.7	3.520115548803744e14
-75.6	3.5203011138029225e14
-75.5	3.520403768761345e14
-75.4	3.520600023085763e14
-75.3	3.520782519548271e14
-75.2	3.520900368438667e14
-75.1	3.5210891910884625e14
-75.0	3.52119903274979e14
-74.9	3.521467549590103e14
-74.8	3.521657904679345e14
-74.7	3.521772176478706e14
-74.6	3.521949558763625e14
-74.5	3.522053280569144e14
-74.4	3.5222510659296644e14
-74.3	3.52243367646105e14
-74.2	3.5225503585699994e14
-74.1	3.522744933780354e14
-74.0	3.522856962202056e14
-73.9	3.523134765890637e14
-73.8	3.523325727987599e14
-73.7	3.523442730558186e14
-73.6	3.5236308973513575e14
-73.5	3.5237371197356425e14
-73.4	3.523937952340005e14
-73.3	3.5241273714478875e14
-73.2	3.524245115364784e14
-73.1	3.524434757335486e14
-73.0	3.524543853391078e14
-72.9	3.5248006101579725e14
-72.8	3.524991358595435e14
-72.7	3.525110270084696e14
-72.6	3.52529235629449e14
-72.5	3.525398228567979e14
-72.4	3.525600125225101e14
-72.3	3.5257858473479756e14
-72.2	3.525910531640604e14
-72.1	3.526110415354389e14
-72.0	3.5262278350914375e14
-71.9	3.526527310038949e14
-71.8	3.526721592891104e14
-71.7	3.526845841762704e14
-71.6	3.527038445862575e14
-71.5	3.527148146256826e14
-71.4	3.5273637610600375e14
-71.3	3.527550428101534e14
-71.2	3.5276704582235006e14
-71.1	3.527865953577459e14
-71.0	3.5279816992269906e14
-70.9	3.528257331612794e14
-70.8	3.528454945151955e14
-70.7	3.5285771221245444e14
-70.6	3.528771572392248e14
-70.5	3.528882171538329e14
-70.4	3.529093095729022e14
-70.3	3.52928841130601e14
-70.2	3.5294188433797925e14
-70.1	3.529629605859575e14
-70.0	3.5297510657397675e14
-69.9	3.530083872574776e14
-69.8	3.5302878924216575e14
-69.7	3.5304196974428675e14
-69.6	3.530617503374622e14
-69.5	3.5307300649105725e14
-69.4	3.5309458625073194e14
-69.3	3.531146933132606e14
-69.2	3.5312702659707444e14
-69.1	3.531473285761281e14
-69.0	3.531593494985199e14
-68.9	3.531903588301309e14
-68.8	3.532108192031774e14
-68.7	3.532232902165173e14
-68.6	3.5324322057990825e14
-68.5	3.532543500903871e14
-68.4	3.532764786496986e14
-68.3	3.532966475206304e14
-68.2	3.533098377243748e14
-68.1	3.5333034036816744e14
-68.0	3.533423010560739e14
-67.9	3.533773934229811e14
-67.8	3.5339839028435544e14
-67.7	3.534117078120324e14
-67.6	3.534316219013729e14
-67.5	3.534428528950946e14
-67.4	3.5346481818467444e14
-67.3	3.5348471994240644e14
-67.2	3.5349758496886425e14
-67.1	3.535177723105419e14
-67.0	3.5352999215263025e14
-66.9	3.53565097761917e14
-66.8	3.535856351741186e14
-66.7	3.535986855872078e14
-66.6	3.53619023225289e14
-66.5	3.53630487260959e14
-66.4	3.536526007347824e14
-66.3	3.536732131653501e14
-66.2	3.536868558726742e14
-66.1	3.53708103975752e14
-66.0	3.537207321066015e14
-65.9	3.537590073155391e14
-65.8	3.537808675405146e14
-65.7	3.537949964599177e14
-65.6	3.5381565374586125e14
-65.5	3.53827528102735e14
-65.4	3.53850466349098e14
-65.3	3.5387100015457394e14
-65.2	3.53884604608885e14
-65.1	3.53906180616478e14
-65.0	3.53918809905021e14
-64.9	3.539559201718233e14
-64.8	3.5397797147156175e14
-64.7	3.539918041381364e14
-64.6	3.5401256838612156e14
-64.5	3.540246160270649e14
-64.4	3.540478258296189e14
-64.3	3.540688969115559e14
-64.2	3.540829963103774e14
-64.1	3.541054006095016e14
-64.0	3.5411868803084075e14
-63.9	3.541589174108051e14
-63.8	3.541815803034331e14
-63.7	3.5419615229220325e14
-63.6	3.542171203400556e14
-63.5	3.5422884175613325e14
-63.4	3.54252715084425e14
-63.3	3.542739357476881e14
-63.2	3.5428752098143406e14
-63.1	3.5430935991811244e14
-63.0	3.543218830178396e14
-62.9	3.543592457739527e14
-62.8	3.543808994963675e14
-62.7	3.543944322464029e14
-62.6	3.5441535029402244e14
-62.5	3.544270901878038e14
-62.4	3.544503405688748e14
-62.3	3.544714761728461e14
-62.2	3.544854626119214e14
-62.1	3.5450758393035025e14
-62.0	3.545208040715731e14
-61.9	3.545595959088931e14
-61.8	3.5458192119807044e14
-61.7	3.545960889489001e14
-61.6	3.546174886965062e14
-61.5	3.5462963564520394e14
-61.4	3.5465299881218775e14
-61.3	3.546743624043285e14
-61.2	3.5468794820530844e14
-61.1	3.547093696111569e14
-61.0	3.54721761931817e14
-60.9	3.5476201768731194e14
-60.8	3.5478370051391875e14
-60.7	3.547977673726811e14
-60.6	3.5481886017396406e14
-60.5	3.548303455973429e14
-60.4	3.548538919901021e14
-60.3	3.548749379769501e14
-60.2	3.54889220338884e14
-60.1	3.5491146915298425e14
-60.0	3.5492448251352475e14
-59.9	3.5496835140477406e14
-59.8	3.549911716250615e14
-59.7	3.550056975655281e14
-59.6	3.550273896599945e14
-59.5	3.550396123010996e14
-59.4	3.5506370187634106e14
-59.3	3.5508531399246675e14
-59.2	3.550994220675846e14
-59.1	3.5512167715570644e14
-59.0	3.551345595508618e14
-58.9	3.551770189160282e14
-58.8	3.551990352421674e14
-58.7	3.552130593209407e14
-58.6	3.552347504657745e14
-58.5	3.5524677613185175e14
-58.4	3.55270718300647e14
-58.3	3.552926286363694e14
-58.2	3.553075756907975e14
-58.1	3.553302681098035e14
-58.0	3.5534311684017125e14
-57.9	3.55387729275217e14
-57.8	3.5541048113418256e14
-57.7	3.554256105382174e14
-57.6	3.5544778426094575e14
-57.5	3.554600168223726e14
-57.4	3.5548495801510306e14
-57.3	3.555066906927034e14
-57.2	3.555214660757671e14
-57.1	3.555443425210062e14
-57.0	3.555574047657651e14
-56.9	3.5560412130785e14
-56.8	3.5562697529016075e14
-56.7	3.5564180607582025e14
-56.6	3.556639354610761e14
-56.5	3.556763469582529e14
-56.4	3.5570119023089106e14
-56.3	3.5572335424837306e14
-56.2	3.5573824517968406e14
-56.1	3.5576125736025725e14
-56.0	3.5577439768685e14
-55.9	3.558243564063524e14
-55.8	3.558477753716616e14
-55.7	3.558635364102145e14
-55.6	3.5588616207875325e14
-55.5	3.558990209777236e14
-55.4	3.559247813248957e14
-55.3	3.55947440948879e14
-55.2	3.559625046583971e14
-55.1	3.559858103143625e14
-55.0	3.5599896946012725e14
-54.9	3.5605238797856444e14
-54.8	3.5607558776853025e14
-54.7	3.560904867070109e14
-54.6	3.561131160275926e14
-54.5	3.561255955018651e14
-54.4	3.561507281572356e14
-54.3	3.5617296547564394e14
-54.2	3.561887401313538e14
-54.1	3.562126839522719e14
-54.0	3.562263983166359e14
-53.9	3.562773101370891e14
-53.8	3.5630124447972756e14
-53.7	3.5631664523139475e14
-53.6	3.56339668815114e14
-53.5	3.563526688809789e14
-53.4	3.563782910418179e14
-53.3	3.56400906147717e14
-53.2	3.564157139604375e14
-53.1	3.564390892698671e14
-53.0	3.5645271919279e14
-52.9	3.565041990877012e14
-52.8	3.565272201057645e14
-52.7	3.5654240739548506e14
-52.6	3.565652471526244e14
-52.5	3.5657784776352675e14
-52.4	3.5660304261683394e14
-52.3	3.566258321226206e14
-52.2	3.566415926136195e14
-52.1	3.566655568162259e14
-52.0	3.5667977861347406e14
-51.9	3.567329688246521e14
-51.8	3.5675695091019175e14
-51.7	3.56772471358513e14
-51.6	3.56795768593057e14
-51.5	3.5680883247433725e14
-51.4	3.568347431678129e14
-51.3	3.5685745666103256e14
-51.2	3.5687289859030344e14
-51.1	3.568964841334325e14
-51.0	3.569103742645417e14
-50.9	3.569676479030694e14
-50.8	3.569915841397944e14
-50.7	3.570073136394797e14
-50.6	3.570304856328155e14
-50.5	3.5704382298404325e14
-50.4	3.570705952987891e14
-50.3	3.570946520486172e14
-50.2	3.571115523356586e14
-50.1	3.5713610708959044e14
-50.0	3.5715059065685106e14
-49.9	3.5721987523758306e14
-49.8	3.5724510019315275e14
-49.7	3.572618868167331e14
-49.6	3.572858701285744e14
-49.5	3.572990471240026e14
-49.4	3.5732595132242625e14
-49.3	3.57349607300703e14
-49.2	3.5736598093402825e14
-49.1	3.573902084165846e14
-49.0	3.57404399091614e14
-48.9	3.5745961235781194e14
-48.8	3.574836306940067e14
-48.7	3.574998416550898e14
-48.6	3.575233658742981e14
-48.5	3.5753652125029075e14
-48.4	3.5756255161059225e14
-48.3	3.5758580164318775e14
-48.2	3.576016058402775e14
-48.1	3.576259330403799e14
-48.0	3.576403914811144e14
-47.9	3.576940573648835e14
-47.8	3.577189568315293e14
-47.7	3.5773499511965e14
-47.6	3.5775865264088475e14
-47.5	3.5777164131681175e14
-47.4	3.57798171971027e14
-47.3	3.57821644963477e14
-47.2	3.578369087188633e14
-47.1	3.578609557198036e14
-47.0	3.5787504817434975e14
-46.9	3.579271129949735e14
-46.8	3.579513928308236e14
-46.7	3.5796731832090075e14
-46.6	3.5799028150316975e14
-46.5	3.580033519092197e14
-46.4	3.580291863556115e14
-46.3	3.5805245030969575e14
-46.2	3.580680982744424e14
-46.1	3.5809202193394375e14
-46.0	3.581061323957194e14
-45.9	3.581614164430048e14
-45.8	3.581854521870614e14
-45.7	3.58201266897915e14
-45.6	3.5822480096037125e14
-45.5	3.5823780820678225e14
-45.4	3.5826444017326625e14
-45.3	3.58287710167451e14
-45.2	3.583034352211536e14
-45.1	3.583274058471591e14
-45.0	3.58341826739245e14
-44.9	3.584022532388763e14
-44.8	3.5842589323179325e14
-44.7	3.5844115038395356e14
-44.6	3.584640325935201e14
-44.5	3.584773182483376e14
-44.4	3.5850311192447394e14
-44.3	3.585261548379764e14
-44.2	3.5854217043385425e14
-44.1	3.5856604801040256e14
-44.0	3.585802703506324e14
-43.9	3.586344045446906e14
-43.8	3.586580924775513e14
-43.7	3.586740268534434e14
-43.6	3.586972208736479e14
-43.5	3.5871039011338844e14
-43.4	3.587365546239835e14
-43.3	3.5875920061266425e14
-43.2	3.5877473387374575e14
-43.1	3.587978703157766e14
-43.0	3.588121420824098e14
-42.9	3.588608322053657e14
-42.8	3.588842004165075e14
-42.7	3.5890011730124625e14
-42.6	3.589230516301379e14
-42.5	3.589363307690663e14
-42.4	3.589620757743936e14
-42.3	3.5898460215724225e14
-42.2	3.5900065725785625e14
-42.1	3.5902460188079894e14
-42.0	3.590388944205471e14
-41.9	3.590914079004387e14
-41.8	3.591152434478771e14
-41.7	3.591313091614941e14
-41.6	3.591545316892586e14
-41.5	3.591678853574724e14
-41.4	3.591948563026891e14
-41.3	3.592182538858114e14
-41.2	3.5923447169307275e14
-41.1	3.5925806113192175e14
-41.0	3.5927244526837775e14
-40.9	3.593264045045268e14
-40.8	3.593497326141009e14
-40.7	3.593656330669375e14
-40.6	3.593891742953895e14
-40.5	3.5940272781538575e14
-40.4	3.594293250704406e14
-40.3	3.5945276113779975e14
-40.2	3.5946892052810925e14
-40.1	3.5949298973917975e14
-40.0	3.5950781956703525e14
-39.9	3.595714567277145e14
-39.8	3.595952121649887e14
-39.7	3.596111297241465e14
-39.6	3.596345163207715e14
-39.5	3.5964793947132744e14
-39.4	3.596743916157175e14
-39.3	3.5969763658311306e14
-39.2	3.597134492170597e14
-39.1	3.597367687307783e14
-39.0	3.5975095496514825e14
-38.9	3.59802114296051e14
-38.8	3.598253917894386e14
-38.7	3.598410985737853e14
-38.6	3.598645578221289e14
-38.5	3.598777117148084e14
-38.4	3.599038074193044e14
-38.3	3.599267874402036e14
-38.2	3.5994233016228594e14
-38.1	3.5996593941254256e14
-38.0	3.5998044589923694e14
-37.9	3.6003193832981594e14
-37.8	3.600556036054781e14
-37.7	3.6007172029927e14
-37.6	3.6009488573346356e14
-37.5	3.601082103055565e14
-37.4	3.601345206908199e14
-37.3	3.601578971513586e14
-37.2	3.60173072162329e14
-37.1	3.601966316668366e14
-37.0	3.602108377099314e14
-36.9	3.602593140252949e14
-36.8	3.602828629865789e14
-36.7	3.602981708048225e14
-36.6	3.603214417868915e14
-36.5	3.603346816855325e14
-36.4	3.603604630605936e14
-36.3	3.6038368244728225e14
-36.2	3.603993433764308e14
-36.1	3.604233187360366e14
-36.0	3.604377560661955e14
-35.9	3.604902624394766e14
-35.8	3.6051406437640175e14
-35.7	3.6053016021351925e14
-35.6	3.605536728221044e14
-35.5	3.605668335880759e14
-35.4	3.605934430591475e14
-35.3	3.606167125116034e14
-35.2	3.606322305439786e14
-35.1	3.6065620557807356e14
-35.0	3.6067050312008e14
-34.9	3.60726255577793e14
-34.8	3.607496344893565e14
-34.7	3.6076545638212694e14
-34.6	3.6078865114214675e14
-34.5	3.608021410829195e14
-34.4	3.6082815626532994e14
-34.3	3.608513044339836e14
-34.2	3.608669737135922e14
-34.1	3.608905953173207e14
-34.0	3.609052909522986e14
-33.9	3.609560023681424e14
-33.8	3.609798230749248e14
-33.7	3.609959560547242e14
-33.6	3.610198470771354e14
-33.5	3.610333835125504e14
-33.4	3.6105925900577875e14
-33.3	3.61082880673144e14
-33.2	3.6109884382914925e14
-33.1	3.611235129572041e14
-33.0	3.611382662249079e14
-32.9	3.611853480881943e14
-32.8	3.61208909400455e14
-32.7	3.6122483311818275e14
-32.6	3.612482420754409e14
-32.5	3.6126177854536956e14
-32.4	3.612874678337245e14
-32.3	3.6131118799638525e14
-32.2	3.613271035433514e14
-32.1	3.613517318226363e14
-32.0	3.6136662531486456e14
-31.9	3.61420758268529e14
-31.8	3.614453927560639e14
-31.7	3.614622040620016e14
-31.6	3.61486488097997e14
-31.5	3.615007714284199e14
-31.4	3.615277061085046e14
-31.3	3.61551850775809e14
-31.2	3.615681328403519e14
-31.1	3.615927782007045e14
-31.0	3.61607833348362e14
-30.9	3.616613342653181e14
-30.8	3.616866312239215e14
-30.7	3.617028794444844e14
-30.6	3.6172763395354e14
-30.5	3.61742079449568e14
-30.4	3.617692095248084e14
-30.3	3.617941880423192e14
-30.2	3.618113845781604e14
-30.1	3.6183725498326075e14
-30.0	3.6185292024436544e14
-29.9	3.6191874874837194e14
-29.8	3.619451310337772e14
-29.7	3.619624960592568e14
-29.6	3.6198726951136556e14
-29.5	3.620020050641283e14
-29.4	3.620296050048261e14
-29.3	3.62054225677246e14
-29.2	3.6207040359591956e14
-29.1	3.620956516912869e14
-29.0	3.621110137890679e14
-28.9	3.6218243207412456e14
-28.8	3.622079785877384e14
-28.7	3.622251376789646e14
-28.6	3.622499486937958e14
-28.5	3.6226447961338194e14
-28.4	3.6229183093223594e14
-28.3	3.6231659802835244e14
-28.2	3.6233346944214775e14
-28.1	3.6235969006895194e14
-28.0	3.6237564716544125e14
-27.9	3.624475921298014e14
-27.8	3.6247323850271206e14
-27.7	3.624904041311727e14
-27.6	3.625157004542195e14
-27.5	3.625303442691809e14
-27.4	3.625583568954749e14
-27.3	3.625834870054456e14
-27.2	3.6260037389974775e14
-27.1	3.62625577035097e14
-27.0	3.626415278856111e14
-26.9	3.6268935409255025e14
-26.8	3.6271544796992275e14
-26.7	3.627325849357574e14
-26.6	3.627578855804601e14
-26.5	3.6277319601889294e14
-26.4	3.628004049622176e14
-26.3	3.6282546776167544e14
-26.2	3.628432578545832e14
-26.1	3.628693399031144e14
-26.0	3.628854960866405e14
-25.9	3.6293773166549925e14
-25.8	3.629640871846844e14
-25.7	3.6298182289691925e14
-25.6	3.630073472362613e14
-25.5	3.630223300209921e14
-25.4	3.630501986520661e14
-25.3	3.6307552923908525e14
-25.2	3.630932362615489e14
-25.1	3.6311908194692675e14
-25.0	3.6313526740768344e14
-24.9	3.6318950981306375e14
-24.8	3.632151061820767e14
-24.7	3.6323282797756694e14
-24.6	3.6325826282731994e14
-24.5	3.632736794469141e14
-24.4	3.633022059683264e14
-24.3	3.63328383813235e14
-24.2	3.633463961940155e14
-24.1	3.633725719872765e14
-24.0	3.633894839172309e14
-23.9	3.634464186448026e14
-23.8	3.634726081007185e14
-23.7	3.634904296775665e14
-23.6	3.635156472809271e14
-23.5	3.6353111891260956e14
-23.4	3.6355900185870156e14
-23.3	3.635836689774719e14
-23.2	3.6360089895307175e14
-23.1	3.636266823681039e14
-23.0	3.636425940713269e14
-22.9	3.63698947958701e14
-22.8	3.637240037768969e14
-22.7	3.637414965324725e14
-22.6	3.637659251759228e14
-22.5	3.63780549382732e14
-22.4	3.638083533526714e14
-22.3	3.6383348104227406e14
-22.2	3.638510298960269e14
-22.1	3.63876849760538e14
-22.0	3.6389283773132225e14
-21.9	3.639548018088761e14
-21.8	3.639808508655986e14
-21.7	3.639981463098236e14
-21.6	3.6402333296114925e14
-21.5	3.640387651512469e14
-21.4	3.6406692655513525e14
-21.3	3.6409194682592094e14
-21.2	3.6410919944874644e14
-21.1	3.641348240216967e14
-21.0	3.641508359016369e14
-20.9	3.642134505071451e14
-20.8	3.642388987361741e14
-20.7	3.6425675606308775e14
-20.6	3.642819336685286e14
-20.5	3.642969911335597e14
-20.4	3.643256231101295e14
-20.3	3.64351365807397e14
-20.2	3.6436948430286475e14
-20.1	3.643962656310415e14
-20.0	3.644131507355606e14
-19.9	3.644889841889595e14
-19.8	3.6451539724603925e14
-19.7	3.645334833710904e14
-19.6	3.6455901096654144e14
-19.5	3.64574382644883e14
-19.4	3.6460304044654875e14
-19.3	3.646282670767676e14
-19.2	3.6464565777522275e14
-19.1	3.6467091729396225e14
-19.0	3.646866037373116e14
-18.9	3.647428212645069e14
-18.8	3.64767122019355e14
-18.7	3.647841928235166e14
-18.6	3.648081738424639e14
-18.5	3.648227753964441e14
-18.4	3.648499183148307e14
-18.3	3.648741992980172e14
-18.2	3.648911894931695e14
-18.1	3.6491628850889956e14
-18.0	3.649317495685979e14
-17.9	3.64987990434139e14
-17.8	3.650130610933551e14
-17.7	3.6502998520859525e14
-17.6	3.6505378820435856e14
-17.5	3.650679734784123e14
-17.4	3.650945964868351e14
-17.3	3.65117970786093e14
-17.2	3.6513413897090725e14
-17.1	3.651578517014272e14
-17.0	3.6517295335046794e14
-16.9	3.6522680845436575e14
-16.8	3.652505040893938e14
-16.7	3.652670450899651e14
-16.6	3.652902573916806e14
-16.5	3.6530408550800825e14
-16.4	3.653306053301744e14
-16.3	3.6535375643298e14
-16.2	3.6537016403762925e14
-16.1	3.653940898962241e14
-16.0	3.654091077374885e14
-15.9	3.6547043494997375e14
-15.8	3.654944224526211e14
-15.7	3.655112357195888e14
-15.6	3.655348655684984e14
-15.5	3.655487661860031e14
-15.4	3.65581174059367e14
-15.3	3.656043190724618e14
-15.2	3.656209803059555e14
-15.1	3.656444787687726e14
-15.0	3.656594247598261e14
-14.9	3.657294265066652e14
-14.8	3.657527412699451e14
-14.7	3.65769175709378e14
-14.6	3.65792073895203e14
-14.5	3.658059058049949e14
-14.4	3.658320820414429e14
-14.3	3.658546287164904e14
-14.2	3.6587116660782544e14
-14.1	3.658945574682576e14
-14.0	3.659095369683198e14
-13.9	3.659694090339982e14
-13.8	3.6599237524666425e14
-13.7	3.6600925596986275e14
-13.6	3.660322219085096e14
-13.5	3.6604586318553325e14
-13.4	3.6607177890503e14
-13.3	3.660945118873279e14
-13.2	3.661103796181019e14
-13.1	3.66133238418509e14
-13.0	3.661474668203121e14
-12.9	3.662036828647994e14
-12.8	3.66226290089103e14
-12.7	3.662424324761256e14
-12.6	3.6626507561782725e14
-12.5	3.662787932600745e14
-12.4	3.6630454463060275e14
-12.3	3.663269526704621e14
-12.2	3.663435260612586e14
-12.1	3.663668520419236e14
-12.0	3.663815413839541e14
-11.9	3.664407587938524e14
-11.8	3.6646377212422825e14
-11.7	3.664805162063916e14
-11.6	3.665035908890361e14
-11.5	3.665173202908009e14
-11.4	3.665425249342479e14
-11.3	3.665648972883277e14
-11.2	3.665810696666643e14
-11.1	3.666041330503334e14
-11.0	3.666182545723023e14
-10.9	3.666731445926521e14
-10.8	3.6669619610767175e14
-10.7	3.667118243823583e14
-10.6	3.6673406097045225e14
-10.5	3.667479429186121e14
-10.4	3.66773664397112e14
-10.3	3.667968042367324e14
-10.2	3.668133108137176e14
-10.1	3.668374583646186e14
-10.0	3.668526856009155e14
-9.9	3.669156070552249e14
-9.8	3.6693900365799325e14
-9.7	3.6695528274579794e14
-9.6	3.66978025537675e14
-9.5	3.6699166777160425e14
-9.4	3.670169582205004e14
-9.3	3.670391905282359e14
-9.2	3.670550632963923e14
-9.1	3.670775148767743e14
-9.0	3.670917837140399e14
-8.9	3.6714216735707206e14
-8.8	3.671644343916825e14
-8.7	3.671795838092507e14
-8.6	3.6720125143721825e14
-8.5	3.672147483788843e14
-8.4	3.672393746052953e14
-8.3	3.672609811222726e14
-8.2	3.672762547785301e14
-8.1	3.672986073531569e14
-8.0	3.67312774797658e14
-7.9	3.6736056029383e14
-7.8	3.673831111410454e14
-7.7	3.673985093386731e14
-7.6	3.674209918271214e14
-7.5	3.674347747225505e14
-7.4	3.674599639709641e14
-7.3	3.674817881640863e14
-7.2	3.6749724598173494e14
-7.1	3.6751978555211156e14
-7.0	3.675340093129289e14
-6.9	3.6758332317223306e14
-6.8	3.676053416613866e14
-6.7	3.6762049675398025e14
-6.6	3.67642476286855e14
-6.5	3.676561801529671e14
-6.4	3.676802109172689e14
-6.3	3.677022203692275e14
-6.2	3.677179664639131e14
-6.1	3.677405581385376e14
-6.0	3.677554225501604e14
-5.9	3.6781823653636106e14
-5.8	3.6784152183509225e14
-5.7	3.67857627211255e14
-5.6	3.6788043821169e14
-5.5	3.6789481892650275e14
-5.4	3.6792017381610475e14
-5.3	3.679433001239455e14
-5.2	3.6796011015805175e14
-5.1	3.6798593646315356e14
-5.0	3.6800144572206544e14
-4.9	3.6805254433772725e14
-4.8	3.6807622533002075e14
-4.7	3.680927439927086e14
-4.6	3.681159633619111e14
-4.5	3.681308792242149e14
-4.4	3.681565434162557e14
-4.3	3.681798786410544e14
-4.2	3.6819631727135175e14
-4.1	3.682205598736164e14
-4.0	3.682365555913579e14
-3.9	3.682799505405944e14
-3.8	3.6830399416088006e14
-3.7	3.683211340079534e14
-3.6	3.68345054681655e14
-3.5	3.6835997815587125e14
-3.4	3.68385812097952e14
-3.3	3.684095499963676e14
-3.2	3.6842687129624294e14
-3.1	3.684515223685076e14
-3.0	3.68468305223781e14
-2.9	3.685130310515835e14
-2.8	3.685376266516114e14
-2.7	3.685550562577589e14
-2.6	3.6857930843798275e14
-2.5	3.685952689447549e14
-2.4	3.6862278869385775e14
-2.3	3.6864695146987375e14
-2.2	3.686650395610361e14
-2.1	3.686904980690165e14
-2.0	3.6870872820017994e14
-1.9	3.6876484929743356e14
-1.8	3.687919400964819e14
-1.7	3.688121813661148e14
-1.6	3.688385523355366e14
-1.5	3.6885728679153606e14
-1.4	3.68886323289717e14
-1.3	3.6891309684598525e14
-1.2	3.689344689329966e14
-1.1	3.689629078083192e14
-1.0	3.6898435840622856e14
-0.9	3.690471087334724e14
-0.8	3.6906882141698425e14
-0.7	3.690870622462925e14
-0.6	3.6910766367294425e14
-0.5	3.691243898068804e14
-0.4	3.6914599948343825e14
-0.3	3.691668005514217e14
-0.2	3.691853917863886e14
-0.1	3.692082683529718e14
0.0	3.6922956118980525e14
0.1	3.69270155185929e14
0.2	3.6929601438457125e14
0.3	3.693207968295821e14
0.4	3.693484907123287e14
0.5	3.693741356669795e14
0.6	3.6940632584266475e14
0.7	3.694336418710275e14
0.8	3.694589548256514e14
0.9	3.694858620201991e14
1.0	3.69513097595996e14
1.1	3.6954790657253975e14
1.2	3.695793051060404e14
1.3	3.696112046036204e14
1.4	3.696461725280894e14
1.5	3.696809335913969e14
1.6	3.697314614801474e14
1.7	3.697714830635624e14
1.8	3.698120952607766e14
1.9	3.6985530349903525e14
2.0	3.698994728458346e14
2.1	3.69947049356458e14
2.2	3.6999349083171094e14
2.3	3.700393295928646e14
2.4	3.7008505829936975e14
2.5	3.7013011249616094e14
2.6	3.70176639158387e14
2.7	3.702208930453536e14
2.8	3.70263973935707e14
2.9	3.7030712676338294e14
3.0	3.703495844136782e14
3.1	3.703940404265554e14
3.2	3.704360041749371e14
3.3	3.7047705505117675e14
3.4	3.705185184743516e14
3.5	3.705582874608224e14
3.6	3.7061856051131744e14
3.7	3.706593856794171e14
3.8	3.7069911486220194e14
3.9	3.707390485838946e14
4.0	3.707782767044435e14
4.1	3.7082393995363925e14
4.2	3.708639059348314e14
4.3	3.709027112868316e14
4.4	3.709424624826106e14
4.5	3.709804731025631e14
4.6	3.710204802725559e14
4.7	3.710589193868667e14
4.8	3.710969161215872e14
4.9	3.711346826029487e14
5.0	3.711718353746074e14
5.1	3.7120967952910306e14
5.2	3.7124641849624794e14
5.3	3.712825067038569e14
5.4	3.713177988057345e14
5.5	3.713531119338533e14
5.6	3.7139291055949075e14
5.7	3.714281977313784e14
5.8	3.714629970184676e14
5.9	3.71497545747077e14
6.0	3.7153217890314875e14
6.1	3.7156747600836725e14
6.2	3.716013411700024e14
6.3	3.7163440271015356e14
6.4	3.7166760166013875e14
6.5	3.7170012696228375e14
6.6	3.717332550202232e14
6.7	3.7176595293180725e14
6.8	3.7179820909125675e14
6.9	3.718301047536534e14
7.0	3.718615431209967e14
7.1	3.718929475480391e14
7.2	3.7192444196395806e14
7.3	3.719551143810617e14
7.4	3.7198505159163444e14
7.5	3.72014873201692e14
7.6	3.7204510323433e14
7.7	3.720752053582912e14
7.8	3.721043819635651e14
7.9	3.7213356090098825e14
8.0	3.7216271623321594e14
8.1	3.721927482976856e14
8.2	3.722214007002056e14
8.3	3.722501005972139e14
8.4	3.722781890393445e14
8.5	3.723059869512754e14
8.6	3.7233518195682806e14
8.7	3.72362418903221e14
8.8	3.723897072087019e14
8.9	3.724166907251336e14
9.0	3.724435169133191e14
9.1	3.724716215552561e14
9.2	3.724983131050416e14
9.3	3.7252474968408656e14
9.4	3.7255118060590206e14
9.5	3.7257720623408644e14
9.6	3.7260315504395394e14
9.7	3.7262958810543425e14
9.8	3.7265452365597075e14
9.9	3.7267989031718344e14
10.0	3.72704878722467e14
10.1	3.727311538505634e14
10.2	3.7275633569825944e14
10.3	3.727807572140339e14
10.4	3.728056134101674e14
10.5	3.728300062668781e14
10.6	3.728547133970064e14
10.7	3.728787032731232e14
10.8	3.729030507639195e14
10.9	3.729275444714408e14
11.0	3.7295086474758575e14
11.1	3.7297598129380225e14
11.2	3.729996122075896e14
11.3	3.730232870527165e14
11.4	3.7304694317989575e14
11.5	3.73070241693711e14
11.6	3.730950903741625e14
11.7	3.731182852818391e14
11.8	3.7314144993117025e14
11.9	3.731643952809844e14
12.0	3.7318689101315725e14
12.1	3.732123357210101e14
12.2	3.732355325281837e14
12.3	3.732579021647101e14
12.4	3.732809605941136e14
12.5	3.733032580335241e14
12.6	3.733266457947762e14
12.7	3.733488414097609e14
12.8	3.7337055970844394e14
12.9	3.733926867649752e14
13.0	3.734145039324085e14
13.1	3.7343752369989906e14
13.2	3.734596085499181e14
13.3	3.734813960020336e14
13.4	3.735032882353412e14
13.5	3.73524749452979e14
13.6	3.7354650285355375e14
13.7	3.735682331175011e14
13.8	3.7358998528505056e14
13.9	3.736113443193531e14
14.0	3.736327339893535e14
14.1	3.736549405672015e14
14.2	3.736760882114211e14
14.3	3.736972751686162e14
14.4	3.7371889132330925e14
14.5	3.737401149408674e14
14.6	3.737634350019413e14
14.7	3.737849414176034e14
14.8	3.7380629277772825e14
14.9	3.73827635612995e14
15.0	3.738485071406731e14
15.1	3.738707520188298e14
15.2	3.738924867480505e14
15.3	3.739140760284445e14
15.4	3.7393550484275875e14
15.5	3.739566605934385e14
15.6	3.7397805104903025e14
15.7	3.739993570783381e14
15.8	3.74020429965194e14
15.9	3.740417752768539e14
16.0	3.7406268445720475e14
16.1	3.740839449666214e14
16.2	3.741047497167071e14
16.3	3.741259984585715e14
16.4	3.741469858328638e14
16.5	3.7416753215230456e14
16.6	3.74188543964934e14
16.7	3.7420954594643244e14
16.8	3.7423025625798575e14
16.9	3.742510044697234e14
17.0	3.742714061328356e14
17.1	3.742932617047177e14
17.2	3.743139970870425e14
17.3	3.7433438735841875e14
17.4	3.743551485986791e14
17.5	3.7437569591436006e14
17.6	3.743964406261369e14
17.7	3.7441735683416625e14
17.8	3.7443758032785256e14
17.9	3.7445848857150175e14
18.0	3.744789206903266e14
18.1	3.7449938477436175e14
18.2	3.7452019135555744e14
18.3	3.745407643185656e14
18.4	3.7456155350517044e14
18.5	3.745816758742544e14
18.6	3.746025476803001e14
18.7	3.74623085422282e14
18.8	3.746436208290321e14
18.9	3.74664115382045e14
19.0	3.746843737791994e14
19.1	3.747054572715476e14
19.2	3.7472551835794206e14
19.3	3.7474573174375325e14
19.4	3.747664897802714e14
19.5	3.7478635819600556e14
19.6	3.748069686464121e14
19.7	3.7482710061288575e14
19.8	3.748475750642946e14
19.9	3.7486819473075694e14
20.0	3.7488815982644206e14
20.1	3.7490882173926606e14
20.2	3.749292102992026e14
20.3	3.7494942305142025e14
20.4	3.749697980301551e14
20.5	3.749898865146191e14
20.6	3.750106387723326e14
20.7	3.750308191012386e14
20.8	3.7505080462732875e14
20.9	3.7507118846251825e14
21.0	3.750911229904376e14
21.1	3.751119734786481e14
21.2	3.7513226889518956e14
21.3	3.751522839965489e14
21.4	3.751722862461441e14
21.5	3.7519255080517525e14
21.6	3.75212940422654e14
21.7	3.752333859684583e14
21.8	3.752531471355685e14
21.9	3.752729742904053e14
22.0	3.752929494992414e14
22.1	3.753134615636494e14
22.2	3.753341720329702e14
22.3	3.753543548929485e14
22.4	3.7537477278103844e14
22.5	3.7539508128010725e14
22.6	3.754152812955256e14
22.7	3.7543596012870494e14
22.8	3.754565030186426e14
22.9	3.7547706460721e14
23.0	3.754975171299233e14
23.1	3.755186344613053e14
23.2	3.755393580623358e14
23.3	3.7555988121898856e14
23.4	3.7558108317379706e14
23.5	3.756014825591414e14
23.6	3.756221841576961e14
23.7	3.7564271784026075e14
23.8	3.7566304878237275e14
23.9	3.756836325258688e14
24.0	3.757045049349389e14
24.1	3.757256463191142e14
24.2	3.75746209929204e14
24.3	3.7576674549592975e14
24.4	3.757876797060548e14
24.5	3.758081519326801e14
24.6	3.7582876723277856e14
24.7	3.7584927151858994e14
24.8	3.758698549500461e14
24.9	3.758903636406719e14
25.0	3.7591114464050425e14
25.1	3.759323802564105e14
25.2	3.7595266624677894e14
25.3	3.7597285922083494e14
25.4	3.759932414557858e14
25.5	3.760136722468012e14
25.6	3.7603467029669544e14
25.7	3.7605513697652125e14
25.8	3.760760907892153e14
25.9	3.7609666117939775e14
26.0	3.76117070546513e14
26.1	3.761377619295304e14
26.2	3.761583468948171e14
26.3	3.761784449623602e14
26.4	3.761989296338184e14
26.5	3.762194426474481e14
26.6	3.76240368176798e14
26.7	3.762610669672333e14
26.8	3.762818090132066e14
26.9	3.763028413842994e14
27.0	3.763232717077665e14
27.1	3.763545614049231e14
27.2	3.763755654747186e14
27.3	3.763965451509191e14
27.4	3.764172561623325e14
27.5	3.764378598755125e14
27.6	3.7645883546006406e14
27.7	3.764800194014496e14
27.8	3.765007640626375e14
27.9	3.765216365131295e14
28.0	3.765424369420043e14
28.1	3.765635784279634e14
28.2	3.765846580504128e14
28.3	3.766055874303575e14
28.4	3.7662646088362125e14
28.5	3.7664714270027094e14
28.6	3.766688806642827e14
28.7	3.766899296597529e14
28.8	3.7671037432177625e14
28.9	3.767306897950425e14
29.0	3.767512562071641e14
29.1	3.767720698755995e14
29.2	3.767930440272986e14
29.3	3.768138829706886e14
29.4	3.768344445841406e14
29.5	3.768551117477894e14
29.6	3.768761231530539e14
29.7	3.7689703259839075e14
29.8	3.769179418562856e14
29.9	3.769390969661691e14
30.0	3.769593122607999e14
30.1	3.769809589923139e14
30.2	3.770017360581211e14
30.3	3.770226140792658e14
30.4	3.770434473900224e14
30.5	3.7706410351260625e14
30.6	3.7708711363894056e14
30.7	3.7710837637719575e14
30.8	3.771295841426726e14
30.9	3.77150669234556e14
31.0	3.7717193249281956e14
31.1	3.7720060963813625e14
31.2	3.772218440489116e14
31.3	3.772428213145094e14
31.4	3.772638183502723e14
31.5	3.772845123716516e14
31.6	3.773140416714859e14
31.7	3.773351019075207e14
31.8	3.773561244918454e14
31.9	3.7737713478522694e14
32.0	3.77397988616151e14
32.1	3.7742091380693075e14
32.2	3.774421907942084e14
32.3	3.77463263703261e14
32.4	3.774846795427125e14
32.5	3.775058461197822e14
32.6	3.7752763733098206e14
32.7	3.775488493257025e14
32.8	3.775701562574414e14
32.9	3.77591033554907e14
33.0	3.7761184862534925e14
33.1	3.776338951896222e14
33.2	3.776554252804746e14
33.3	3.776766784985361e14
33.4	3.776976530715756e14
33.5	3.777187906707949e14
33.6	3.777402357927599e14
33.7	3.7776127804591875e14
33.8	3.777827858207634e14
33.9	3.7780415618913475e14
34.0	3.778255271925206e14
34.1	3.778472474146858e14
34.2	3.778688662586359e14
34.3	3.778900971715625e14
34.4	3.7791174068940475e14
34.5	3.779331095055269e14
34.6	3.7795462585520506e14
34.7	3.77976507465301e14
34.8	3.779977653350837e14
34.9	3.7801922026495806e14
35.0	3.7804069025684275e14
35.1	3.7806254346944375e14
35.2	3.78083928847489e14
35.3	3.7810558516787675e14
35.4	3.781270055627355e14
35.5	3.781485273975694e14
35.6	3.781699196715141e14
35.7	3.781912783258127e14
35.8	3.782124432963144e14
35.9	3.782341345832925e14
36.0	3.78255718685804e14
36.1	3.782777070855624e14
36.2	3.7829925241981275e14
36.3	3.7832050030028575e14
36.4	3.783419273426749e14
36.5	3.78363371190483e14
36.6	3.783850752993711e14
36.7	3.784066256377825e14
36.8	3.784280921597034e14
36.9	3.7844954699661256e14
37.0	3.784710239711193e14
37.1	3.784925338743486e14
37.2	3.785136715040857e14
37.3	3.785352460874568e14
37.4	3.785565800454398e14
37.5	3.785780275944349e14
37.6	3.785996101801241e14
37.7	3.7862096701500025e14
37.8	3.786421524878638e14
37.9	3.786629867165628e14
38.0	3.786840627413594e14
38.1	3.7870570163998994e14
38.2	3.7872670691666106e14
38.3	3.787480296724212e14
38.4	3.787689265350769e14
38.5	3.787897853134035e14
38.6	3.788106571326968e14
38.7	3.7883157360111575e14
38.8	3.788524616257875e14
38.9	3.788732986061888e14
39.0	3.788942748057764e14
39.1	3.789155475922486e14
39.2	3.789365150362289e14
39.3	3.7895753155375975e14
39.4	3.789785589672742e14
39.5	3.789995508720048e14
39.6	3.790205905420725e14
39.7	3.790416214785272e14
39.8	3.790624260104384e14
39.9	3.7908369943541244e14
40.0	3.791046454785886e14
40.1	3.791264805559535e14
40.2	3.791475887076434e14
40.3	3.7916859410229e14
40.4	3.791896796257179e14
40.5	3.792108633544461e14
40.6	3.7923172204394344e14
40.7	3.7925285710483725e14
40.8	3.7927393186474925e14
40.9	3.792947675419049e14
41.0	3.79315671369575e14
41.1	3.793396197060849e14
41.2	3.793608664270922e14
41.3	3.7938244855835375e14
41.4	3.7940340371171575e14
41.5	3.794246960348892e14
41.6	3.7944534601103925e14
41.7	3.794661553993289e14
41.8	3.794872622943406e14
41.9	3.7950853848115525e14
42.0	3.795293601256526e14
42.1	3.795505649050408e14
42.2	3.795716514323015e14
42.3	3.7959256969328275e14
42.4	3.796138624072217e14
42.5	3.796348417591815e14
42.6	3.796605098041615e14
42.7	3.796815102315927e14
42.8	3.79702235770362e14
42.9	3.79723486413591e14
43.0	3.7974411370173225e14
43.1	3.797657260598841e14
43.2	3.797867886184134e14
43.3	3.798078897318032e14
43.4	3.7982913122265956e14
43.5	3.798502320555865e14
43.6	3.798714330006605e14
43.7	3.7989252937531175e14
43.8	3.7991374014329706e14
43.9	3.7993511954982556e14
44.0	3.799555283766805e14
44.1	3.799780732768305e14
44.2	3.799992478546351e14
44.3	3.8002025397261394e14
44.4	3.80041368223107e14
44.5	3.800624110306642e14
44.6	3.800834495150327e14
44.7	3.80104438558748e14
44.8	3.801249980229165e14
44.9	3.801461159446553e14
45.0	3.8016688098071306e14
45.1	3.8018888652840806e14
45.2	3.802101043257922e14
45.3	3.8023063748469125e14
45.4	3.802517582304757e14
45.5	3.80272877028438e14
45.6	3.802941103141728e14
45.7	3.803151173403902e14
45.8	3.8033616636851875e14
45.9	3.8035739899722975e14
46.0	3.8037855068499656e14
46.1	3.8040012053271525e14
46.2	3.804210257613256e14
46.3	3.804420803953222e14
46.4	3.804630598757125e14
46.5	3.804839396843806e14
46.6	3.805049659230135e14
46.7	3.8052627497907625e14
46.8	3.805469707790229e14
46.9	3.805681270155242e14
47.0	3.8058948812319256e14
47.1	3.8061093013034275e14
47.2	3.806319318916449e14
47.3	3.8065274597147575e14
47.4	3.806739405557404e14
47.5	3.8069478158910875e14
47.6	3.807156689400183e14
47.7	3.807367822801419e14
47.8	3.807576186341818e14
47.9	3.807788376730135e14
48.0	3.807995576346681e14
48.1	3.808208710475253e14
48.2	3.8084201041645875e14
48.3	3.808626306686659e14
48.4	3.808835233978851e14
48.5	3.809042193543594e14
48.6	3.809253645380451e14
48.7	3.8094617073858644e14
48.8	3.809669342980105e14
48.9	3.809875449981011e14
49.0	3.810080667254118e14
49.1	3.810292642382024e14
49.2	3.8105012349841556e14
49.3	3.81070957727974e14
49.4	3.8109159533473306e14
49.5	3.8111230071510475e14
49.6	3.8113639528559144e14
49.7	3.811572320011221e14
49.8	3.811779215678671e14
49.9	3.81199281797223e14
50.0	3.812202754013926e14
50.1	3.8124049988180756e14
50.2	3.812611632504739e14
50.3	3.8128208456298175e14
50.4	3.8130298912867175e14
50.5	3.813237077328533e14
50.6	3.8134425472804125e14
50.7	3.813651481552049e14
50.8	3.8138593968498025e14
50.9	3.814066785476716e14
51.0	3.814275029489413e14
51.1	3.814482834046276e14
51.2	3.814688023221165e14
51.3	3.8148965217545425e14
51.4	3.815107639841344e14
51.5	3.815311247768845e14
51.6	3.8155171373695844e14
51.7	3.8157256809545975e14
51.8	3.815932641415794e14
51.9	3.816142120141515e14
52.0	3.816350422041117e14
52.1	3.816560197520071e14
52.2	3.8167696525088394e14
52.3	3.8169786135137475e14
52.4	3.8171836300215675e14
52.5	3.8173927663443406e14
52.6	3.8176054644535875e14
52.7	3.817816626268686e14
52.8	3.818022891484944e14
52.9	3.818231642467266e14
53.0	3.818440541320285e14
53.1	3.818648160785074e14
53.2	3.818853211218144e14
53.3	3.819060257286811e14
53.4	3.819269156026679e14
53.5	3.81947792694512e14
53.6	3.819684805764622e14
53.7	3.819893426182116e14
53.8	3.820103457474135e14
53.9	3.8203114419192475e14
54.0	3.820520687143379e14
54.1	3.820738103130799e14
54.2	3.820946716975085e14
54.3	3.821154831122357e14
54.4	3.821365104766835e14
54.5	3.821576507222391e14
54.6	3.8217895101112025e14
54.7	3.821999937592195e14
54.8	3.8222096113791575e14
54.9	3.822418057321826e14
55.0	3.822628294194159e14
55.1	3.822842540063674e14
55.2	3.823050802858096e14
55.3	3.8232595137151606e14
55.4	3.823469633853478e14
55.5	3.8236830566021344e14
55.6	3.823891776646179e14
55.7	3.8241003477871725e14
55.8	3.824307043438422e14
55.9	3.8245181908649e14
56.0	3.824729554174497e14
56.1	3.824942895998952e14
56.2	3.825156046542891e14
56.3	3.825368265402625e14
56.4	3.8255794135271e14
56.5	3.825793483463709e14
56.6	3.826022878488994e14
56.7	3.8262355119690375e14
56.8	3.826448124636919e14
56.9	3.826657174408849e14
57.0	3.82687025467473e14
57.1	3.827090529574946e14
57.2	3.827306939840824e14
57.3	3.8275170564391525e14
57.4	3.8277302634737856e14
57.5	3.827943028625666e14
57.6	3.828149850457734e14
57.7	3.8283612012146356e14
57.8	3.82857235510337e14
57.9	3.828785573027676e14
58.0	3.8289982049379e14
58.1	3.829209517458145e14
58.2	3.8294201690470425e14
58.3	3.829629745835331e14
58.4	3.829843521378325e14
58.5	3.8300532971051525e14
58.6	3.8302672442886294e14
58.7	3.8304789435636094e14
58.8	3.830689634152838e14
58.9	3.8309004058560175e14
59.0	3.831108575906415e14
59.1	3.831322602791946e14
59.2	3.831531189157319e14
59.3	3.831737531543563e14
59.4	3.83194812499868e14
59.5	3.832163446024269e14
59.6	3.8323772407883475e14
59.7	3.83259189730942e14
59.8	3.832806581483591e14
59.9	3.8330152206128775e14
60.0	3.8332255552518544e14
60.1	3.833441537585586e14
60.2	3.833651586879546e14
60.3	3.83386321442121e14
60.4	3.83407356973243e14
60.5	3.834283456627005e14
60.6	3.8344955447256875e14
60.7	3.8347076380327425e14
60.8	3.8349172917078225e14
60.9	3.835126737701346e14
61.0	3.835335075704566e14
61.1	3.835543968658513e14
61.2	3.835753703033294e14
61.3	3.8359572033025906e14
61.4	3.836168024190679e14
61.5	3.836369759777998e14
61.6	3.8365839258326e14
61.7	3.836793329039828e14
61.8	3.83700390414233e14
61.9	3.837214969550202e14
62.0	3.837422049198501e14
62.1	3.8376329465918994e14
62.2	3.8378428879172256e14
62.3	3.838050446882644e14
62.4	3.8382638689313156e14
62.5	3.838470910553754e14
62.6	3.838685375261055e14
62.7	3.838891687462256e14
62.8	3.839105938024853e14
62.9	3.839312628135942e14
63.0	3.839524673342254e14
63.1	3.8397412610917675e14
63.2	3.839953559089835e14
63.3	3.840163568011395e14
63.4	3.84037307811465e14
63.5	3.840580571268538e14
63.6	3.840795698713422e14
63.7	3.84100542933221e14
63.8	3.841212613780901e14
63.9	3.84141974637262e14
64.0	3.841629814879552e14
64.1	3.841836543251101e14
64.2	3.8420427414329175e14
64.3	3.842251213367903e14
64.4	3.84246098198585e14
64.5	3.8426683955326625e14
64.6	3.8428802623491706e14
64.7	3.8430906233597325e14
64.8	3.843298738351619e14
64.9	3.843510755087205e14
65.0	3.8437202386175325e14
65.1	3.843939003200094e14
65.2	3.844151383623645e14
65.3	3.84436297359975e14
65.4	3.844570452081335e14
65.5	3.844777002195146e14
65.6	3.844983789748415e14
65.7	3.84519286061453e14
65.8	3.845397626600721e14
65.9	3.845605963157074e14
66.0	3.8458159938437425e14
66.1	3.846021457332583e14
66.2	3.8462343366716244e14
66.3	3.84644312355635e14
66.4	3.8466526463237156e14
66.5	3.846861732568086e14
66.6	3.8470741004717975e14
66.7	3.84728341322062e14
66.8	3.847491349544854e14
66.9	3.8477014010987625e14
67.0	3.8479122770051225e14
67.1	3.848116712932476e14
67.2	3.848328013561095e14
67.3	3.848537721932353e14
67.4	3.848745812322342e14
67.5	3.848951337878131e14
67.6	3.8491936044923756e14
67.7	3.849401101903914e14
67.8	3.849608157121781e14
67.9	3.849819661362156e14
68.0	3.850024234813497e14
68.1	3.8502761436580294e14
68.2	3.850482493270724e14
68.3	3.850690662086744e14
68.4	3.850899005685247e14
68.5	3.851104023448839e14
68.6	3.851315589480976e14
68.7	3.8515246090084706e14
68.8	3.8517344444134525e14
68.9	3.851944849860684e14
69.0	3.8521543553660356e14
69.1	3.8523620103262906e14
69.2	3.8525694431464644e14
69.3	3.852776956152391e14
69.4	3.852983206245e14
69.5	3.853192212334649e14
69.6	3.8534043807364644e14
69.7	3.853611181570689e14
69.8	3.853818260956496e14
69.9	3.8540261142433356e14
70.0	3.854230624597553e14
